# UTIAS Multi-Robot Cooperative Localization and Mapping Dataset
# produced by Keith Leung (keith.leung@robotics.utias.utoronto.ca) 2009
# Robot Groundtruth Data Fomat:
# Time [s]    x [m]    y [m]    orientation [rad] 
1248297556.136   1.29812900 	 1.88315210 	 2.82870000  
1248297556.173   1.29818160 	 1.88321260 	 2.82880000  
1248297556.202   1.29816760 	 1.88321130 	 2.82880000  
1248297556.222   1.29809340 	 1.88319540 	 2.82850000  
1248297556.224   1.29806680 	 1.88319110 	 2.82840000  
1248297556.249   1.29805120 	 1.88318280 	 2.82840000  
1248297556.277   1.29808280 	 1.88313430 	 2.82830000  
1248297556.305   1.29809820 	 1.88313340 	 2.82830000  
1248297556.333   1.29813780 	 1.88314530 	 2.82860000  
1248297556.335   1.29813960 	 1.88315460 	 2.82860000  
1248297556.381   1.29812990 	 1.88318400 	 2.82870000  
1248297556.385   1.29813520 	 1.88318380 	 2.82870000  
1248297556.425   1.29812080 	 1.88318730 	 2.82860000  
1248297556.450   1.29810470 	 1.88318560 	 2.82850000  
1248297556.482   1.29799890 	 1.88315430 	 2.82890000  
1248297556.484   1.29793290 	 1.88317110 	 2.82970000  
1248297556.540   1.29728040 	 1.88339160 	 2.83730000  
1248297556.576   1.29514310 	 1.88409810 	 2.85380000  
1248297556.625   1.29271320 	 1.88504090 	 2.86870000  
1248297556.653   1.29236330 	 1.88519400 	 2.87100000  
1248297556.680   1.29127960 	 1.88554850 	 2.87780000  
1248297556.682   1.29102390 	 1.88555860 	 2.87930000  
1248297556.730   1.28963120 	 1.88556540 	 2.88680000  
1248297556.787   1.28724020 	 1.88645340 	 2.90250000  
1248297556.801   1.28674950 	 1.88677250 	 2.90630000  
1248297556.835   1.28438770 	 1.88805610 	 2.92070000  
1248297556.865   1.28392260 	 1.88815070 	 2.92240000  
1248297556.894   1.28198610 	 1.88807150 	 2.92750000  
1248297556.947   1.27816260 	 1.88864240 	 2.94020000  
1248297556.978   1.27744290 	 1.88889690 	 2.94310000  
1248297556.998   1.27325530 	 1.89010510 	 2.95760000  
1248297557.028   1.27231020 	 1.89025380 	 2.96030000  
1248297557.066   1.26766660 	 1.89069540 	 2.97060000  
1248297557.073   1.26691920 	 1.89075220 	 2.97240000  
1248297557.128   1.26446850 	 1.89106690 	 2.98200000  
1248297557.182   1.26208630 	 1.89164160 	 2.99900000  
1248297557.212   1.26156070 	 1.89171860 	 3.00230000  
1248297557.242   1.25832910 	 1.89170880 	 3.01450000  
1248297557.263   1.25760770 	 1.89168730 	 3.01620000  
1248297557.302   1.25376500 	 1.89204610 	 3.02400000  
1248297557.327   1.25299810 	 1.89220700 	 3.02520000  
1248297557.362   1.24963450 	 1.89222040 	 3.02150000  
1248297557.401   1.24903070 	 1.89212540 	 3.01990000  
1248297557.420   1.24682860 	 1.89225850 	 3.01720000  
1248297557.423   1.24623740 	 1.89247230 	 3.01790000  
1248297557.483   1.24279370 	 1.89375710 	 3.02240000  
1248297557.537   1.23886490 	 1.89396420 	 3.02090000  
1248297557.544   1.23811580 	 1.89388270 	 3.02000000  
1248297557.587   1.23498640 	 1.89416430 	 3.02120000  
1248297557.618   1.23445530 	 1.89441130 	 3.02210000  
1248297557.638   1.23150840 	 1.89551640 	 3.02310000  
1248297557.667   1.23082660 	 1.89558620 	 3.02200000  
1248297557.699   1.22774060 	 1.89535220 	 3.01540000  
1248297557.750   1.22353760 	 1.89542650 	 3.01630000  
1248297557.782   1.22296670 	 1.89558720 	 3.01790000  
1248297557.811   1.21988870 	 1.89603670 	 3.02210000  
1248297557.840   1.21919530 	 1.89601150 	 3.02150000  
1248297557.867   1.21634380 	 1.89568670 	 3.01580000  
1248297557.889   1.21569210 	 1.89564590 	 3.01470000  
1248297557.920   1.21314800 	 1.89625930 	 3.01690000  
1248297557.953   1.21260410 	 1.89652510 	 3.01850000  
1248297557.988   1.20909940 	 1.89756470 	 3.02370000  
1248297558.042   1.20478010 	 1.89729560 	 3.01800000  
1248297558.071   1.20414490 	 1.89725890 	 3.01730000  
1248297558.104   1.20095340 	 1.89822580 	 3.01980000  
1248297558.124   1.20025960 	 1.89851330 	 3.02070000  
1248297558.156   1.19729680 	 1.89900830 	 3.02140000  
1248297558.184   1.19655670 	 1.89892250 	 3.02070000  
1248297558.214   1.19320410 	 1.89816660 	 3.01530000  
1248297558.246   1.19262380 	 1.89816390 	 3.01500000  
1248297558.259   1.19028990 	 1.89902760 	 3.01930000  
1248297558.285   1.18972060 	 1.89931130 	 3.02070000  
1248297558.318   1.18724330 	 1.89991410 	 3.02320000  
1248297558.324   1.18655320 	 1.89989840 	 3.02270000  
1248297558.382   1.18309870 	 1.89933840 	 3.01720000  
1248297558.433   1.17914670 	 1.90033580 	 3.01970000  
1248297558.465   1.17847710 	 1.90061720 	 3.02080000  
1248297558.496   1.17512640 	 1.90116280 	 3.01970000  
1248297558.517   1.17448970 	 1.90108660 	 3.01840000  
1248297558.549   1.17164700 	 1.90092790 	 3.01440000  
1248297558.585   1.17102480 	 1.90112450 	 3.01520000  
1248297558.608   1.16726410 	 1.90264960 	 3.02210000  
1248297558.638   1.16643040 	 1.90284780 	 3.02280000  
1248297558.663   1.16327570 	 1.90285020 	 3.02150000  
1248297558.687   1.16262590 	 1.90269290 	 3.02030000  
1248297558.722   1.15986510 	 1.90217540 	 3.01520000  
1248297558.752   1.15932530 	 1.90227650 	 3.01570000  
1248297558.786   1.15592210 	 1.90352550 	 3.02290000  
1248297558.848   1.15076080 	 1.90355390 	 3.01760000  
1248297558.900   1.14697160 	 1.90356020 	 3.00950000  
1248297558.922   1.14649340 	 1.90381760 	 3.01050000  
1248297558.970   1.14351190 	 1.90509130 	 3.01850000  
1248297559.030   1.13918390 	 1.90514320 	 3.01660000  
1248297559.086   1.13596070 	 1.90561880 	 3.01390000  
1248297559.123   1.13535540 	 1.90586000 	 3.01460000  
1248297559.144   1.13251510 	 1.90652430 	 3.01690000  
1248297559.196   1.12809320 	 1.90608090 	 3.01310000  
1248297559.199   1.12743340 	 1.90601190 	 3.01240000  
1248297559.266   1.12444940 	 1.90667100 	 3.01520000  
1248297559.282   1.12384800 	 1.90697090 	 3.01680000  
1248297559.314   1.12045000 	 1.90798030 	 3.02160000  
1248297559.343   1.11974370 	 1.90799570 	 3.02140000  
1248297559.369   1.11633210 	 1.90749680 	 3.01620000  
1248297559.390   1.11574380 	 1.90742840 	 3.01540000  
1248297559.422   1.11363520 	 1.90787610 	 3.01640000  
1248297559.451   1.11313520 	 1.90813850 	 3.01750000  
1248297559.482   1.11053430 	 1.90901270 	 3.02060000  
1248297559.540   1.10556610 	 1.90894070 	 3.01470000  
1248297559.598   1.10226810 	 1.90952340 	 3.01530000  
1248297559.661   1.09827810 	 1.91072100 	 3.02170000  
1248297559.674   1.09746130 	 1.91072300 	 3.02130000  
1248297559.721   1.09354250 	 1.91016730 	 3.01580000  
1248297559.779   1.08976650 	 1.91104770 	 3.01980000  
1248297559.785   1.08914330 	 1.91132170 	 3.02120000  
1248297559.835   1.08593570 	 1.91184310 	 3.02270000  
1248297559.868   1.08519910 	 1.91174760 	 3.02190000  
1248297559.910   1.08135080 	 1.91118900 	 3.01760000  
1248297559.940   1.07806460 	 1.91236310 	 3.02040000  
1248297559.972   1.07740180 	 1.91263650 	 3.02100000  
1248297559.994   1.07437600 	 1.91302640 	 3.01900000  
1248297560.026   1.07358200 	 1.91295620 	 3.01760000  
1248297560.052   1.07067970 	 1.91243440 	 3.01220000  
1248297560.105   1.06783960 	 1.91376340 	 3.01920000  
1248297560.139   1.06737520 	 1.91415380 	 3.02130000  
1248297560.162   1.06627570 	 1.91478180 	 3.02450000  
1248297560.188   1.06640390 	 1.91460610 	 3.02370000  
1248297560.223   1.06833190 	 1.91331070 	 3.01890000  
1248297560.259   1.06869940 	 1.91314690 	 3.01850000  
1248297560.282   1.06868840 	 1.91307400 	 3.01970000  
1248297560.311   1.06830640 	 1.91313790 	 3.02010000  
1248297560.340   1.06681120 	 1.91323560 	 3.01920000  
1248297560.362   1.06675370 	 1.91322500 	 3.01860000  
1248297560.411   1.06710370 	 1.91312370 	 3.01590000  
1248297560.413   1.06697000 	 1.91314190 	 3.01600000  
1248297560.465   1.06459390 	 1.91348400 	 3.01840000  
1248297560.493   1.06387620 	 1.91357440 	 3.01860000  
1248297560.524   1.06077970 	 1.91381810 	 3.01750000  
1248297560.548   1.06037190 	 1.91385530 	 3.01730000  
1248297560.584   1.05874170 	 1.91440310 	 3.01950000  
1248297560.611   1.05827020 	 1.91457740 	 3.02040000  
1248297560.644   1.05484160 	 1.91535700 	 3.02400000  
1248297560.663   1.05409520 	 1.91542340 	 3.02390000  
1248297560.698   1.05076400 	 1.91519270 	 3.01920000  
1248297560.728   1.05017090 	 1.91507790 	 3.01800000  
1248297560.766   1.04717040 	 1.91523520 	 3.01800000  
1248297560.781   1.04657080 	 1.91547670 	 3.01930000  
1248297560.819   1.04344720 	 1.91687330 	 3.02540000  
1248297560.843   1.04281170 	 1.91703210 	 3.02550000  
1248297560.883   1.03918240 	 1.91689800 	 3.02010000  
1248297560.921   1.03846450 	 1.91671590 	 3.01830000  
1248297560.942   1.03605050 	 1.91625850 	 3.01390000  
1248297560.981   1.03322470 	 1.91733680 	 3.02050000  
1248297561.013   1.03249270 	 1.91759950 	 3.02190000  
1248297561.044   1.02850550 	 1.91801590 	 3.02130000  
1248297561.072   1.02779910 	 1.91792730 	 3.01990000  
1248297561.095   1.02560020 	 1.91747050 	 3.01510000  
1248297561.125   1.02509740 	 1.91749330 	 3.01510000  
1248297561.151   1.02179880 	 1.91877510 	 3.02150000  
1248297561.184   1.02100550 	 1.91907850 	 3.02270000  
1248297561.210   1.01771170 	 1.91968540 	 3.02230000  
1248297561.260   1.01389140 	 1.91924600 	 3.01480000  
1248297561.292   1.01336890 	 1.91929560 	 3.01470000  
1248297561.325   1.01036050 	 1.92056490 	 3.02010000  
1248297561.345   1.00963440 	 1.92084050 	 3.02120000  
1248297561.379   1.00566690 	 1.92111770 	 3.01970000  
1248297561.412   1.00489200 	 1.92096420 	 3.01820000  
1248297561.444   1.00153580 	 1.92055640 	 3.01560000  
1248297561.465   1.00097050 	 1.92073750 	 3.01690000  
1248297561.502   0.99784190 	 1.92215460 	 3.02570000  
1248297561.530   0.99711540 	 1.92233260 	 3.02630000  
1248297561.568   0.99336810 	 1.92209480 	 3.02150000  
1248297561.627   0.98940930 	 1.92214720 	 3.01890000  
1248297561.683   0.98630130 	 1.92367420 	 3.02390000  
1248297561.735   0.98212900 	 1.92340180 	 3.01710000  
1248297561.764   0.98145810 	 1.92326030 	 3.01580000  
1248297561.790   0.97831390 	 1.92378500 	 3.01730000  
1248297561.813   0.97766960 	 1.92410510 	 3.01870000  
1248297561.862   0.97387700 	 1.92496340 	 3.02130000  
1248297561.917   0.96913260 	 1.92420910 	 3.01480000  
1248297561.923   0.96848100 	 1.92421500 	 3.01490000  
1248297561.976   0.96585920 	 1.92549040 	 3.02280000  
1248297562.000   0.96532290 	 1.92578920 	 3.02450000  
1248297562.035   0.96203100 	 1.92629980 	 3.02470000  
1248297562.063   0.96128880 	 1.92620200 	 3.02330000  
1248297562.092   0.95745810 	 1.92575220 	 3.01700000  
1248297562.132   0.95675560 	 1.92583450 	 3.01690000  
1248297562.153   0.95347440 	 1.92716270 	 3.02290000  
1248297562.185   0.95281900 	 1.92738070 	 3.02380000  
1248297562.211   0.94945780 	 1.92733490 	 3.02010000  
1248297562.233   0.94876930 	 1.92714660 	 3.01860000  
1248297562.270   0.94542300 	 1.92695350 	 3.01760000  
1248297562.296   0.94477200 	 1.92721290 	 3.01930000  
1248297562.330   0.94121480 	 1.92885850 	 3.02700000  
1248297562.348   0.94045720 	 1.92901650 	 3.02700000  
1248297562.395   0.93663070 	 1.92874120 	 3.02010000  
1248297562.417   0.93590480 	 1.92858440 	 3.01850000  
1248297562.452   0.93274780 	 1.92908520 	 3.02060000  
1248297562.483   0.93214220 	 1.92943600 	 3.02280000  
1248297562.509   0.92886960 	 1.93066310 	 3.02850000  
1248297562.530   0.92815560 	 1.93066500 	 3.02790000  
1248297562.581   0.92456430 	 1.92979640 	 3.01960000  
1248297562.631   0.92065570 	 1.93055680 	 3.02310000  
1248297562.654   0.91999270 	 1.93094370 	 3.02510000  
1248297562.691   0.91664030 	 1.93181830 	 3.02660000  
1248297562.717   0.91598670 	 1.93173400 	 3.02500000  
1248297562.750   0.91284780 	 1.93087360 	 3.01570000  
1248297562.780   0.91221900 	 1.93089320 	 3.01540000  
1248297562.815   0.90969440 	 1.93210350 	 3.02080000  
1248297562.827   0.90904240 	 1.93253480 	 3.02260000  
1248297562.861   0.90648870 	 1.93347630 	 3.02530000  
1248297562.915   0.90237460 	 1.93243010 	 3.01790000  
1248297562.936   0.90165750 	 1.93227750 	 3.01730000  
1248297562.970   0.89834150 	 1.93308930 	 3.02300000  
1248297562.998   0.89771790 	 1.93343640 	 3.02480000  
1248297563.022   0.89507640 	 1.93431990 	 3.02630000  
1248297563.045   0.89438370 	 1.93431050 	 3.02490000  
1248297563.079   0.89090580 	 1.93339730 	 3.01510000  
1248297563.101   0.89020260 	 1.93327580 	 3.01430000  
1248297563.149   0.88682440 	 1.93426980 	 3.02220000  
1248297563.171   0.88614030 	 1.93465120 	 3.02470000  
1248297563.203   0.88232200 	 1.93552560 	 3.02730000  
1248297563.234   0.88152700 	 1.93544610 	 3.02570000  
1248297563.261   0.87816080 	 1.93458960 	 3.01680000  
1248297563.282   0.87765500 	 1.93461310 	 3.01660000  
1248297563.335   0.87493850 	 1.93613790 	 3.02540000  
1248297563.387   0.87027360 	 1.93661140 	 3.02640000  
1248297563.416   0.86939600 	 1.93639180 	 3.02460000  
1248297563.445   0.86542280 	 1.93596330 	 3.02120000  
1248297563.451   0.86477650 	 1.93627900 	 3.02260000  
1248297563.500   0.86155820 	 1.93844670 	 3.03150000  
1248297563.530   0.86086420 	 1.93866180 	 3.03180000  
1248297563.557   0.85815170 	 1.93848970 	 3.02660000  
1248297563.578   0.85749700 	 1.93825250 	 3.02420000  
1248297563.606   0.85526050 	 1.93777910 	 3.01870000  
1248297563.633   0.85477990 	 1.93798860 	 3.01930000  
1248297563.666   0.85204540 	 1.94015490 	 3.02780000  
1248297563.688   0.85137140 	 1.94039350 	 3.02860000  
1248297563.713   0.84843010 	 1.93993380 	 3.02600000  
1248297563.736   0.84764530 	 1.93956170 	 3.02430000  
1248297563.770   0.84376930 	 1.93844920 	 3.02310000  
1248297563.788   0.84302240 	 1.93868420 	 3.02660000  
1248297563.839   0.84001190 	 1.94101240 	 3.05790000  
1248297563.898   0.83871790 	 1.94146210 	 3.08910000  
1248297563.954   0.83725200 	 1.94086960 	 3.10190000  
1248297563.957   0.83674870 	 1.94084240 	 3.10320000  
1248297564.010   0.83328420 	 1.94062840 	 3.11490000  
1248297564.033   0.83250350 	 1.94063450 	 3.11920000  
1248297564.084   0.82905150 	 1.94116680 	 -3.13530000  
1248297564.145   0.82597180 	 1.94104100 	 -3.10810000  
1248297564.196   0.82363410 	 1.94139160 	 -3.08420000  
1248297564.256   0.82118100 	 1.94145980 	 -3.06690000  
1248297564.306   0.81811150 	 1.94128430 	 -3.04140000  
1248297564.337   0.81757730 	 1.94115500 	 -3.03780000  
1248297564.379   0.81483630 	 1.94070380 	 -3.01870000  
1248297564.408   0.81286270 	 1.94081800 	 -2.99960000  
1248297564.436   0.81239680 	 1.94079890 	 -2.99540000  
1248297564.481   0.81010680 	 1.94009020 	 -2.97790000  
1248297564.519   0.80770870 	 1.93966220 	 -2.95720000  
1248297564.582   0.80486660 	 1.93968070 	 -2.93120000  
1248297564.632   0.80191700 	 1.93994910 	 -2.90980000  
1248297564.674   0.79815550 	 1.93956380 	 -2.89460000  
1248297564.701   0.79744140 	 1.93943620 	 -2.89090000  
1248297564.724   0.79533080 	 1.93927600 	 -2.87240000  
1248297564.750   0.79501290 	 1.93931750 	 -2.86740000  
1248297564.786   0.79401740 	 1.93926860 	 -2.84900000  
1248297564.798   0.79368520 	 1.93915690 	 -2.84470000  
1248297564.825   0.79163590 	 1.93865830 	 -2.82690000  
1248297564.853   0.79102710 	 1.93853970 	 -2.82270000  
1248297564.883   0.78893160 	 1.93786590 	 -2.81100000  
1248297564.886   0.78852880 	 1.93763230 	 -2.80950000  
1248297564.930   0.78685760 	 1.93701930 	 -2.80180000  
1248297564.973   0.78477010 	 1.93734720 	 -2.78330000  
1248297564.998   0.78434390 	 1.93734680 	 -2.77980000  
1248297565.022   0.78237000 	 1.93688350 	 -2.76800000  
1248297565.054   0.78173220 	 1.93671150 	 -2.76530000  
1248297565.078   0.77896950 	 1.93611450 	 -2.75110000  
1248297565.131   0.77611920 	 1.93554170 	 -2.72670000  
1248297565.176   0.77429990 	 1.93491670 	 -2.70070000  
1248297565.228   0.77247220 	 1.93360670 	 -2.67900000  
1248297565.256   0.77205010 	 1.93320760 	 -2.67460000  
1248297565.298   0.76962530 	 1.93124250 	 -2.64620000  
1248297565.323   0.76742190 	 1.92992440 	 -2.62790000  
1248297565.348   0.76693770 	 1.92957470 	 -2.62410000  
1248297565.373   0.76489970 	 1.92838430 	 -2.60990000  
1248297565.399   0.76440310 	 1.92818690 	 -2.60620000  
1248297565.433   0.76241760 	 1.92757110 	 -2.59180000  
1248297565.442   0.76192840 	 1.92739740 	 -2.58810000  
1248297565.480   0.75997890 	 1.92653140 	 -2.57410000  
1248297565.533   0.75768430 	 1.92540650 	 -2.55950000  
1248297565.536   0.75724680 	 1.92516970 	 -2.55660000  
1248297565.561   0.75681250 	 1.92493520 	 -2.55360000  
1248297565.597   0.75496890 	 1.92412950 	 -2.53640000  
1248297565.608   0.75446210 	 1.92395610 	 -2.53070000  
1248297565.636   0.75253440 	 1.92292110 	 -2.50770000  
1248297565.668   0.75214090 	 1.92251710 	 -2.50280000  
1248297565.691   0.75085930 	 1.92053110 	 -2.48630000  
1248297565.737   0.74863670 	 1.91800320 	 -2.46270000  
1248297565.794   0.74603100 	 1.91623870 	 -2.43960000  
1248297565.901   0.74469930 	 1.91215840 	 -2.41190000  
1248297566.012   0.73821440 	 1.91020790 	 -2.35710000  
1248297566.060   0.73605480 	 1.90815250 	 -2.33580000  
1248297566.109   0.73463450 	 1.90635030 	 -2.32020000  
1248297566.115   0.73425540 	 1.90601520 	 -2.31610000  
1248297566.166   0.73262600 	 1.90479910 	 -2.29650000  
1248297566.219   0.73042170 	 1.90314950 	 -2.27100000  
1248297566.270   0.72919150 	 1.90128610 	 -2.25770000  
1248297566.309   0.72730030 	 1.89912020 	 -2.24010000  
1248297566.368   0.72564360 	 1.89673310 	 -2.22140000  
1248297566.400   0.72443740 	 1.89520540 	 -2.20490000  
1248297566.421   0.72412220 	 1.89484390 	 -2.20070000  
1248297566.453   0.72294080 	 1.89328430 	 -2.18550000  
1248297566.473   0.72258970 	 1.89287020 	 -2.18160000  
1248297566.505   0.72100380 	 1.89102690 	 -2.16570000  
1248297566.530   0.72067270 	 1.89051720 	 -2.16210000  
1248297566.566   0.71984360 	 1.88840800 	 -2.14840000  
1248297566.576   0.71963490 	 1.88787750 	 -2.14450000  
1248297566.617   0.71831650 	 1.88597520 	 -2.12580000  
1248297566.630   0.71788690 	 1.88558370 	 -2.12150000  
1248297566.658   0.71639650 	 1.88398830 	 -2.10980000  
1248297566.701   0.71524740 	 1.88179130 	 -2.09630000  
1248297566.717   0.71495840 	 1.88138600 	 -2.09240000  
1248297566.752   0.71364490 	 1.87970760 	 -2.07520000  
1248297566.772   0.71336280 	 1.87924440 	 -2.07080000  
1248297566.803   0.71237790 	 1.87720030 	 -2.05220000  
1248297566.827   0.71208610 	 1.87670550 	 -2.04710000  
1248297566.850   0.71072190 	 1.87484190 	 -2.02660000  
1248297566.873   0.71040350 	 1.87438330 	 -2.02240000  
1248297566.906   0.70939450 	 1.87263340 	 -2.00920000  
1248297566.933   0.70911250 	 1.87223650 	 -2.00600000  
1248297566.955   0.70819630 	 1.87115960 	 -1.99560000  
1248297566.993   0.70705400 	 1.86961960 	 -1.97960000  
1248297567.015   0.70685770 	 1.86930950 	 -1.97710000  
1248297567.050   0.70553220 	 1.86773430 	 -1.96380000  
1248297567.102   0.70375410 	 1.86536090 	 -1.94190000  
1248297567.149   0.70338440 	 1.86300210 	 -1.92240000  
1248297567.210   0.70248660 	 1.86002590 	 -1.90030000  
1248297567.255   0.70190720 	 1.85748110 	 -1.87570000  
1248297567.305   0.70099950 	 1.85563950 	 -1.84890000  
1248297567.309   0.70076730 	 1.85516850 	 -1.84500000  
1248297567.338   0.70012480 	 1.85347120 	 -1.83600000  
1248297567.347   0.69994340 	 1.85284940 	 -1.83310000  
1248297567.386   0.69941070 	 1.85010170 	 -1.81790000  
1248297567.413   0.69935180 	 1.84934610 	 -1.81330000  
1248297567.446   0.69957860 	 1.84616500 	 -1.79620000  
1248297567.483   0.69920570 	 1.84311740 	 -1.77800000  
1248297567.507   0.69892810 	 1.84265870 	 -1.77410000  
1248297567.533   0.69797260 	 1.84140970 	 -1.75970000  
1248297567.562   0.69788010 	 1.84115770 	 -1.75650000  
1248297567.587   0.69760260 	 1.83962910 	 -1.74030000  
1248297567.610   0.69745380 	 1.83908630 	 -1.73530000  
1248297567.636   0.69660410 	 1.83652380 	 -1.71610000  
1248297567.667   0.69644490 	 1.83587460 	 -1.71190000  
1248297567.689   0.69619630 	 1.83344280 	 -1.69750000  
1248297567.746   0.69588660 	 1.83087080 	 -1.67870000  
1248297567.784   0.69600500 	 1.82846240 	 -1.66060000  
1248297567.808   0.69605380 	 1.82795730 	 -1.65670000  
1248297567.833   0.69572810 	 1.82587550 	 -1.63840000  
1248297567.856   0.69550630 	 1.82540300 	 -1.63370000  
1248297567.891   0.69489870 	 1.82400510 	 -1.61760000  
1248297567.943   0.69443440 	 1.82227790 	 -1.59660000  
1248297567.956   0.69430170 	 1.82180410 	 -1.59170000  
1248297567.996   0.69401950 	 1.81944120 	 -1.57480000  
1248297568.035   0.69476790 	 1.81568740 	 -1.55780000  
1248297568.060   0.69482720 	 1.81485480 	 -1.55440000  
1248297568.089   0.69452770 	 1.81197650 	 -1.54140000  
1248297568.139   0.69450500 	 1.81034600 	 -1.52450000  
1248297568.196   0.69418500 	 1.80850450 	 -1.50230000  
1248297568.245   0.69400410 	 1.80578110 	 -1.48480000  
1248297568.285   0.69404970 	 1.80344480 	 -1.47190000  
1248297568.338   0.69458860 	 1.80035360 	 -1.46220000  
1248297568.379   0.69505240 	 1.79675040 	 -1.45410000  
1248297568.424   0.69486490 	 1.79322590 	 -1.43820000  
1248297568.438   0.69499600 	 1.79263050 	 -1.43570000  
1248297568.472   0.69568910 	 1.79035770 	 -1.42750000  
1248297568.491   0.69577700 	 1.78973280 	 -1.42520000  
1248297568.522   0.69567600 	 1.78717560 	 -1.41530000  
1248297568.548   0.69567240 	 1.78660870 	 -1.41360000  
1248297568.579   0.69637760 	 1.78447710 	 -1.41090000  
1248297568.582   0.69659980 	 1.78406630 	 -1.41070000  
1248297568.631   0.69679970 	 1.78228510 	 -1.40700000  
1248297568.681   0.69609060 	 1.77988740 	 -1.40050000  
1248297568.730   0.69697850 	 1.77757460 	 -1.40110000  
1248297568.762   0.69757030 	 1.77355100 	 -1.39030000  
1248297568.781   0.69761840 	 1.77268590 	 -1.38730000  
1248297568.810   0.69861780 	 1.76970120 	 -1.37930000  
1248297568.832   0.69910050 	 1.76914860 	 -1.37870000  
1248297568.862   0.70107550 	 1.76721750 	 -1.37500000  
1248297568.889   0.70135660 	 1.76665390 	 -1.37310000  
1248297568.919   0.70126860 	 1.76369380 	 -1.36610000  
1248297568.925   0.70113530 	 1.76287420 	 -1.36520000  
1248297568.968   0.70128370 	 1.75992490 	 -1.36470000  
1248297568.971   0.70148950 	 1.75935580 	 -1.36450000  
1248297569.019   0.70206320 	 1.75741770 	 -1.35840000  
1248297569.073   0.70183280 	 1.75421790 	 -1.34680000  
1248297569.134   0.70338110 	 1.75104970 	 -1.34680000  
1248297569.154   0.70494330 	 1.74835030 	 -1.34640000  
1248297569.184   0.70507370 	 1.74752980 	 -1.34550000  
1248297569.208   0.70522040 	 1.74405510 	 -1.34120000  
1248297569.257   0.70653390 	 1.74094200 	 -1.34010000  
1248297569.281   0.70689520 	 1.74042650 	 -1.33980000  
1248297569.309   0.70783150 	 1.73789250 	 -1.33700000  
1248297569.361   0.70753500 	 1.73339200 	 -1.33430000  
1248297569.415   0.70868810 	 1.73064530 	 -1.33970000  
1248297569.419   0.70920800 	 1.73027390 	 -1.34150000  
1248297569.465   0.71082740 	 1.72785580 	 -1.34610000  
1248297569.473   0.71092440 	 1.72696020 	 -1.34600000  
1248297569.525   0.71048320 	 1.72296640 	 -1.34090000  
1248297569.562   0.71141620 	 1.71942700 	 -1.33530000  
1248297569.613   0.71317140 	 1.71659350 	 -1.33530000  
1248297569.672   0.71321370 	 1.71187160 	 -1.33310000  
1248297569.710   0.71438390 	 1.70850410 	 -1.33340000  
1248297569.715   0.71482030 	 1.70804520 	 -1.33390000  
1248297569.774   0.71588880 	 1.70593240 	 -1.33490000  
1248297569.803   0.71628470 	 1.70216480 	 -1.33530000  
1248297569.835   0.71651260 	 1.70143900 	 -1.33580000  
1248297569.848   0.71755500 	 1.69941810 	 -1.33720000  
1248297569.864   0.71788370 	 1.69877720 	 -1.33750000  
1248297569.897   0.71842060 	 1.69608900 	 -1.33720000  
1248297569.940   0.71860060 	 1.69314850 	 -1.33680000  
1248297569.946   0.71883810 	 1.69236500 	 -1.33720000  
1248297569.983   0.72010760 	 1.68921090 	 -1.33940000  
1248297570.005   0.72035610 	 1.68845880 	 -1.33960000  
1248297570.033   0.72068670 	 1.68646130 	 -1.33850000  
1248297570.036   0.72069140 	 1.68589750 	 -1.33770000  
1248297570.084   0.72095540 	 1.68364830 	 -1.33390000  
1248297570.118   0.72189040 	 1.68051130 	 -1.33090000  
1248297570.124   0.72215130 	 1.67961900 	 -1.33020000  
1248297570.168   0.72287690 	 1.67624850 	 -1.32700000  
1248297570.217   0.72362710 	 1.67335290 	 -1.32790000  
1248297570.244   0.72382820 	 1.67280230 	 -1.32900000  
1248297570.274   0.72473340 	 1.67024370 	 -1.33480000  
1248297570.303   0.72567060 	 1.66751500 	 -1.34040000  
1248297570.321   0.72587130 	 1.66696140 	 -1.34110000  
1248297570.355   0.72646400 	 1.66494230 	 -1.34090000  
1248297570.387   0.72653670 	 1.66434130 	 -1.34020000  
1248297570.423   0.72679090 	 1.66114180 	 -1.33700000  
1248297570.451   0.72791750 	 1.65693610 	 -1.33340000  
1248297570.480   0.72818930 	 1.65619730 	 -1.33270000  
1248297570.488   0.72843660 	 1.65548580 	 -1.33210000  
1248297570.495   0.72883470 	 1.65412310 	 -1.33110000  
1248297570.519   0.72897250 	 1.65346430 	 -1.33080000  
1248297570.531   0.72920530 	 1.65145320 	 -1.33080000  
1248297570.548   0.72929980 	 1.65073930 	 -1.33090000  
1248297570.565   0.72955350 	 1.64927930 	 -1.33120000  
1248297570.582   0.72973030 	 1.64851800 	 -1.33130000  
1248297570.598   0.73022180 	 1.64695950 	 -1.33120000  
1248297570.617   0.73079840 	 1.64540930 	 -1.33040000  
1248297570.643   0.73106600 	 1.64468070 	 -1.32940000  
1248297570.655   0.73149550 	 1.64332070 	 -1.32540000  
1248297570.676   0.73167040 	 1.64216290 	 -1.31830000  
1248297570.708   0.73138080 	 1.64078340 	 -1.29630000  
1248297570.739   0.73133880 	 1.64050580 	 -1.27750000  
1248297570.769   0.73153770 	 1.64020420 	 -1.26010000  
1248297570.781   0.73162670 	 1.63963700 	 -1.24910000  
1248297570.797   0.73162780 	 1.63917240 	 -1.24400000  
1248297570.815   0.73157090 	 1.63790940 	 -1.23490000  
1248297570.831   0.73156830 	 1.63714660 	 -1.23090000  
1248297570.848   0.73173320 	 1.63548840 	 -1.22420000  
1248297570.865   0.73218290 	 1.63388820 	 -1.21840000  
1248297570.883   0.73248440 	 1.63318260 	 -1.21530000  
1248297570.909   0.73318080 	 1.63197370 	 -1.20870000  
1248297570.941   0.73439230 	 1.62997870 	 -1.19530000  
1248297570.950   0.73480040 	 1.62907860 	 -1.18960000  
1248297570.972   0.73499260 	 1.62866060 	 -1.18710000  
1248297570.981   0.73539880 	 1.62790040 	 -1.18210000  
1248297571.004   0.73558770 	 1.62753710 	 -1.17930000  
1248297571.014   0.73585640 	 1.62674710 	 -1.17210000  
1248297571.032   0.73592420 	 1.62628730 	 -1.16770000  
1248297571.048   0.73596620 	 1.62527160 	 -1.15780000  
1248297571.065   0.73603420 	 1.62425650 	 -1.14760000  
1248297571.081   0.73615070 	 1.62378580 	 -1.14280000  
1248297571.098   0.73657780 	 1.62295190 	 -1.13390000  
1248297571.116   0.73713070 	 1.62218960 	 -1.12570000  
1248297571.134   0.73740710 	 1.62177120 	 -1.12170000  
1248297571.159   0.73784230 	 1.62080700 	 -1.11350000  
1248297571.191   0.73849980 	 1.61873790 	 -1.09700000  
1248297571.200   0.73899930 	 1.61765570 	 -1.09110000  
1248297571.222   0.73932470 	 1.61712100 	 -1.08840000  
1248297571.231   0.74007180 	 1.61608730 	 -1.08240000  
1248297571.253   0.74039210 	 1.61558230 	 -1.07880000  
1248297571.265   0.74086800 	 1.61457750 	 -1.06980000  
1248297571.283   0.74105850 	 1.61406980 	 -1.06470000  
1248297571.299   0.74142200 	 1.61307900 	 -1.05450000  
1248297571.315   0.74185670 	 1.61220380 	 -1.04530000  
1248297571.332   0.74211490 	 1.61183110 	 -1.04100000  
1248297571.350   0.74262870 	 1.61106530 	 -1.03280000  
1248297571.365   0.74300540 	 1.61018050 	 -1.02510000  
1248297571.384   0.74312540 	 1.60970820 	 -1.02100000  
1248297571.410   0.74338360 	 1.60871150 	 -1.01340000  
1248297571.414   0.74357850 	 1.60820500 	 -1.01010000  
1248297571.425   0.74415700 	 1.60726550 	 -1.00430000  
1248297571.440   0.74452780 	 1.60686250 	 -1.00150000  
1248297571.450   0.74528590 	 1.60611980 	 -0.99520000  
1248297571.472   0.74561070 	 1.60573120 	 -0.99140000  
1248297571.482   0.74607760 	 1.60486740 	 -0.98270000  
1248297571.504   0.74624580 	 1.60442430 	 -0.97790000  
1248297571.515   0.74655910 	 1.60355980 	 -0.96800000  
1248297571.533   0.74673290 	 1.60315430 	 -0.96300000  
1248297571.549   0.74711690 	 1.60237500 	 -0.95340000  
1248297571.566   0.74753200 	 1.60150670 	 -0.94360000  
1248297571.583   0.74771750 	 1.60103670 	 -0.93870000  
1248297571.602   0.74807890 	 1.60001930 	 -0.92910000  
1248297571.616   0.74859250 	 1.59892650 	 -0.91970000  
1248297571.635   0.74893280 	 1.59837310 	 -0.91530000  
1248297571.660   0.74974700 	 1.59735130 	 -0.90780000  
1248297571.669   0.75099360 	 1.59607830 	 -0.89910000  
1248297571.682   0.75135280 	 1.59566600 	 -0.89620000  
1248297571.706   0.75166740 	 1.59524390 	 -0.89310000  
1248297571.737   0.75252190 	 1.59389810 	 -0.88250000  
1248297571.765   0.75384350 	 1.59186220 	 -0.86600000  
1248297571.782   0.75419320 	 1.59134180 	 -0.86160000  
1248297571.798   0.75486540 	 1.59031510 	 -0.85240000  
1248297571.816   0.75540550 	 1.58930810 	 -0.84240000  
1248297571.833   0.75567440 	 1.58883160 	 -0.83720000  
1248297571.851   0.75636280 	 1.58805320 	 -0.82730000  
1248297571.878   0.75721860 	 1.58749350 	 -0.81890000  
1248297571.910   0.75891320 	 1.58655540 	 -0.80340000  
1248297571.919   0.75952520 	 1.58587360 	 -0.79510000  
1248297571.941   0.76018290 	 1.58497060 	 -0.78710000  
1248297571.951   0.76057620 	 1.58445670 	 -0.78330000  
1248297571.972   0.76101200 	 1.58392080 	 -0.77970000  
1248297571.982   0.76191690 	 1.58278220 	 -0.77330000  
1248297571.999   0.76238220 	 1.58219690 	 -0.77050000  
1248297572.002   0.76284500 	 1.58161920 	 -0.76760000  
1248297572.015   0.76328370 	 1.58106310 	 -0.76460000  
1248297572.033   0.76407010 	 1.58007870 	 -0.75850000  
1248297572.050   0.76443630 	 1.57964140 	 -0.75570000  
1248297572.067   0.76516680 	 1.57888910 	 -0.75110000  
1248297572.069   0.76554960 	 1.57859260 	 -0.74940000  
1248297572.083   0.76595760 	 1.57834110 	 -0.74790000  
1248297572.101   0.76639140 	 1.57811040 	 -0.74660000  
1248297572.128   0.76729490 	 1.57761010 	 -0.74370000  
1248297572.130   0.76772690 	 1.57730030 	 -0.74180000  
1248297572.135   0.76813490 	 1.57694280 	 -0.73930000  
1248297572.159   0.76890690 	 1.57612480 	 -0.73360000  
1248297572.165   0.76930380 	 1.57567840 	 -0.73090000  
1248297572.169   0.76972340 	 1.57522600 	 -0.72850000  
1248297572.191   0.77017580 	 1.57478350 	 -0.72650000  
1248297572.200   0.77120080 	 1.57395130 	 -0.72350000  
1248297572.222   0.77176940 	 1.57355050 	 -0.72210000  
1248297572.233   0.77291540 	 1.57273450 	 -0.71890000  
1248297572.250   0.77344020 	 1.57229480 	 -0.71670000  
1248297572.266   0.77433280 	 1.57133510 	 -0.71070000  
1248297572.284   0.77504440 	 1.57034150 	 -0.70280000  
1248297572.300   0.77537190 	 1.56986080 	 -0.69860000  
1248297572.317   0.77606600 	 1.56898640 	 -0.69080000  
1248297572.334   0.77690160 	 1.56829390 	 -0.68430000  
1248297572.353   0.77736910 	 1.56800400 	 -0.68150000  
1248297572.378   0.77833740 	 1.56734330 	 -0.67560000  
1248297572.410   0.77995330 	 1.56528070 	 -0.66010000  
1248297572.419   0.78075380 	 1.56414500 	 -0.65180000  
1248297572.441   0.78121850 	 1.56366410 	 -0.64810000  
1248297572.451   0.78224370 	 1.56294050 	 -0.64200000  
1248297572.472   0.78277040 	 1.56264270 	 -0.63940000  
1248297572.481   0.78330500 	 1.56235430 	 -0.63710000  
1248297572.500   0.78436220 	 1.56172170 	 -0.63290000  
1248297572.504   0.78486670 	 1.56136150 	 -0.63090000  
1248297572.517   0.78534730 	 1.56098130 	 -0.62900000  
1248297572.534   0.78625380 	 1.56019910 	 -0.62550000  
1248297572.551   0.78670780 	 1.55981070 	 -0.62400000  
1248297572.556   0.78717380 	 1.55946200 	 -0.62270000  
1248297572.568   0.78765230 	 1.55915790 	 -0.62150000  
1248297572.576   0.78814940 	 1.55889440 	 -0.62030000  
1248297572.596   0.78868340 	 1.55865900 	 -0.61900000  
1248297572.604   0.78987210 	 1.55820080 	 -0.61640000  
1248297572.628   0.79048280 	 1.55793780 	 -0.61500000  
1248297572.638   0.79228710 	 1.55682930 	 -0.60970000  
1248297572.659   0.79287510 	 1.55636110 	 -0.60760000  
1248297572.668   0.79396010 	 1.55537800 	 -0.60280000  
1248297572.691   0.79447580 	 1.55490150 	 -0.60010000  
1248297572.700   0.79550780 	 1.55403110 	 -0.59450000  
1248297572.723   0.79601420 	 1.55362820 	 -0.59140000  
1248297572.734   0.79704860 	 1.55287900 	 -0.58470000  
1248297572.751   0.79755780 	 1.55250470 	 -0.58110000  
1248297572.767   0.79854430 	 1.55172870 	 -0.57410000  
1248297572.784   0.79957700 	 1.55093870 	 -0.56800000  
1248297572.800   0.80010860 	 1.55052860 	 -0.56540000  
1248297572.817   0.80121190 	 1.54973030 	 -0.56120000  
1248297572.835   0.80242830 	 1.54899930 	 -0.55800000  
1248297572.863   0.80304780 	 1.54865390 	 -0.55660000  
1248297572.871   0.80424120 	 1.54795920 	 -0.55320000  
1248297572.879   0.80481880 	 1.54760190 	 -0.55150000  
1248297572.893   0.80539600 	 1.54723910 	 -0.54970000  
1248297572.903   0.80654650 	 1.54645440 	 -0.54590000  
1248297572.926   0.80713230 	 1.54605000 	 -0.54410000  
1248297572.934   0.80835020 	 1.54530540 	 -0.54110000  
1248297572.957   0.80896410 	 1.54499180 	 -0.53970000  
1248297572.967   0.81011090 	 1.54442680 	 -0.53640000  
1248297572.985   0.81109920 	 1.54387290 	 -0.53210000  
1248297573.002   0.81153540 	 1.54357090 	 -0.52950000  
1248297573.019   0.81238760 	 1.54292510 	 -0.52370000  
1248297573.034   0.81335900 	 1.54228510 	 -0.51780000  
1248297573.052   0.81388510 	 1.54199310 	 -0.51500000  
1248297573.079   0.81500250 	 1.54142770 	 -0.50940000  
1248297573.089   0.81661970 	 1.54050600 	 -0.50060000  
1248297573.112   0.81705700 	 1.54017330 	 -0.49770000  
1248297573.122   0.81782460 	 1.53949300 	 -0.49260000  
1248297573.144   0.81819370 	 1.53915740 	 -0.49050000  
1248297573.146   0.81857700 	 1.53881860 	 -0.48860000  
1248297573.152   0.81899790 	 1.53849070 	 -0.48700000  
1248297573.175   0.81947410 	 1.53818920 	 -0.48550000  
1248297573.184   0.82065370 	 1.53770350 	 -0.48290000  
1248297573.207   0.82134780 	 1.53750250 	 -0.48160000  
1248297573.216   0.82208490 	 1.53730030 	 -0.48020000  
1248297573.223   0.82283530 	 1.53707480 	 -0.47850000  
1248297573.235   0.82431030 	 1.53647590 	 -0.47400000  
1248297573.251   0.82503680 	 1.53607940 	 -0.47160000  
1248297573.268   0.82654180 	 1.53517950 	 -0.46730000  
1248297573.284   0.82809870 	 1.53427190 	 -0.46410000  
1248297573.302   0.82889080 	 1.53383700 	 -0.46280000  
1248297573.318   0.83045900 	 1.53308670 	 -0.46040000  
1248297573.338   0.83179710 	 1.53239960 	 -0.45720000  
1248297573.362   0.83278200 	 1.53156570 	 -0.45170000  
1248297573.371   0.83355690 	 1.53060600 	 -0.44500000  
1248297573.394   0.83395300 	 1.53017210 	 -0.44200000  
1248297573.403   0.83486690 	 1.52957310 	 -0.43770000  
1248297573.425   0.83540010 	 1.52943600 	 -0.43630000  
1248297573.434   0.83658240 	 1.52935940 	 -0.43420000  
1248297573.456   0.83719830 	 1.52932050 	 -0.43300000  
1248297573.459   0.83780380 	 1.52924450 	 -0.43160000  
1248297573.468   0.83903050 	 1.52888820 	 -0.42710000  
1248297573.485   0.83967730 	 1.52859410 	 -0.42430000  
1248297573.502   0.84035500 	 1.52823360 	 -0.42140000  
1248297573.519   0.84183150 	 1.52739980 	 -0.41560000  
1248297573.525   0.84261910 	 1.52698470 	 -0.41310000  
1248297573.535   0.84342180 	 1.52660090 	 -0.41110000  
1248297573.552   0.84421780 	 1.52624960 	 -0.40950000  
1248297573.569   0.84498710 	 1.52592320 	 -0.40810000  
1248297573.588   0.84702130 	 1.52496660 	 -0.40410000  
1248297573.596   0.84759870 	 1.52462660 	 -0.40220000  
1248297573.612   0.84814460 	 1.52427780 	 -0.39980000  
1248297573.621   0.84922610 	 1.52356930 	 -0.39420000  
1248297573.643   0.84979380 	 1.52322810 	 -0.39120000  
1248297573.652   0.85100340 	 1.52262860 	 -0.38620000  
1248297573.675   0.85164800 	 1.52239360 	 -0.38470000  
1248297573.679   0.85233180 	 1.52220420 	 -0.38410000  
1248297573.685   0.85303180 	 1.52205080 	 -0.38430000  
1248297573.708   0.85371300 	 1.52191230 	 -0.38500000  
1248297573.718   0.85565050 	 1.52130510 	 -0.38840000  
1248297573.735   0.85632140 	 1.52099690 	 -0.38960000  
1248297573.752   0.85701200 	 1.52065120 	 -0.39060000  
1248297573.769   0.85846980 	 1.51992670 	 -0.39220000  
1248297573.786   0.86003550 	 1.51932320 	 -0.39420000  
1248297573.803   0.86082640 	 1.51910150 	 -0.39530000  
1248297573.819   0.86233150 	 1.51878300 	 -0.39700000  
1248297573.847   0.86355450 	 1.51846880 	 -0.39750000  
1248297573.878   0.86490440 	 1.51776690 	 -0.39510000  
1248297573.887   0.86639230 	 1.51679160 	 -0.39050000  
1248297573.909   0.86701520 	 1.51644200 	 -0.38910000  
1248297573.918   0.86845000 	 1.51579100 	 -0.38750000  
1248297573.940   0.86921850 	 1.51551210 	 -0.38730000  
1248297573.952   0.87072100 	 1.51506230 	 -0.38790000  
1248297573.969   0.87140780 	 1.51487550 	 -0.38860000  
1248297573.972   0.87202030 	 1.51470680 	 -0.38940000  
1248297573.985   0.87254840 	 1.51454200 	 -0.39020000  
1248297574.002   0.87301130 	 1.51435870 	 -0.39080000  
1248297574.004   0.87344420 	 1.51414520 	 -0.39120000  
1248297574.018   0.87388070 	 1.51390650 	 -0.39120000  
1248297574.036   0.87486140 	 1.51342160 	 -0.39070000  
1248297574.053   0.87611070 	 1.51298710 	 -0.38990000  
1248297574.070   0.87686660 	 1.51278170 	 -0.38980000  
1248297574.096   0.87853750 	 1.51237360 	 -0.38990000  
1248297574.110   0.88104130 	 1.51171480 	 -0.39180000  
1248297574.132   0.88176710 	 1.51144280 	 -0.39250000  
1248297574.140   0.88295390 	 1.51079880 	 -0.39350000  
1248297574.162   0.88343550 	 1.51042430 	 -0.39370000  
1248297574.164   0.88385680 	 1.51002370 	 -0.39380000  
1248297574.169   0.88423520 	 1.50960750 	 -0.39370000  
1248297574.190   0.88458530 	 1.50916620 	 -0.39340000  
1248297574.192   0.88495130 	 1.50874820 	 -0.39300000  
1248297574.203   0.88535610 	 1.50837280 	 -0.39260000  
1248297574.220   0.88581960 	 1.50805370 	 -0.39230000  
1248297574.235   0.88701870 	 1.50761000 	 -0.39250000  
1248297574.253   0.88777520 	 1.50747850 	 -0.39290000  
1248297574.269   0.88954130 	 1.50734150 	 -0.39400000  
1248297574.288   0.89137810 	 1.50721910 	 -0.39510000  
1248297574.303   0.89298790 	 1.50692360 	 -0.39510000  
1248297574.321   0.89364890 	 1.50667660 	 -0.39400000  
1248297574.347   0.89472700 	 1.50598880 	 -0.38970000  
1248297574.378   0.89662080 	 1.50429100 	 -0.37590000  
1248297574.387   0.89787770 	 1.50368690 	 -0.36880000  
1248297574.409   0.89859770 	 1.50349370 	 -0.36580000  
1248297574.417   0.89934410 	 1.50337010 	 -0.36350000  
1248297574.436   0.90078420 	 1.50326210 	 -0.36050000  
1248297574.453   0.90209640 	 1.50314490 	 -0.35890000  
1248297574.470   0.90269000 	 1.50301780 	 -0.35820000  
1248297574.487   0.90377010 	 1.50257070 	 -0.35620000  
1248297574.503   0.90429950 	 1.50224610 	 -0.35470000  
1248297574.519   0.90546110 	 1.50149180 	 -0.35080000  
1248297574.538   0.90686660 	 1.50078000 	 -0.34630000  
1248297574.553   0.90845380 	 1.50022860 	 -0.34230000  
1248297574.573   0.90924270 	 1.50000450 	 -0.34040000  
1248297574.596   0.91064670 	 1.49959010 	 -0.33670000  
1248297574.604   0.91122760 	 1.49936920 	 -0.33470000  
1248297574.629   0.91222220 	 1.49883910 	 -0.33010000  
1248297574.638   0.91368400 	 1.49790150 	 -0.32130000  
1248297574.660   0.91426550 	 1.49759150 	 -0.31820000  
1248297574.663   0.91491790 	 1.49731360 	 -0.31530000  
1248297574.670   0.91561590 	 1.49706890 	 -0.31270000  
1248297574.687   0.91635430 	 1.49686670 	 -0.31000000  
1248297574.703   0.91785410 	 1.49657520 	 -0.30530000  
1248297574.720   0.91856670 	 1.49646060 	 -0.30340000  
1248297574.737   0.91984190 	 1.49623280 	 -0.30030000  
1248297574.754   0.92096930 	 1.49597650 	 -0.29760000  
1248297574.771   0.92154970 	 1.49580710 	 -0.29620000  
1248297574.789   0.92279690 	 1.49539110 	 -0.29310000  
1248297574.799   0.92346530 	 1.49516540 	 -0.29120000  
1248297574.815   0.92415870 	 1.49494070 	 -0.28910000  
1248297574.824   0.92556340 	 1.49448350 	 -0.28460000  
1248297574.836   0.92625000 	 1.49424880 	 -0.28210000  
1248297574.839   0.92690630 	 1.49400900 	 -0.27960000  
1248297574.863   0.92752720 	 1.49376310 	 -0.27700000  
1248297574.871   0.92867460 	 1.49327470 	 -0.27220000  
1248297574.894   0.92922540 	 1.49305420 	 -0.27010000  
1248297574.903   0.93039490 	 1.49266120 	 -0.26620000  
1248297574.926   0.93103090 	 1.49249330 	 -0.26430000  
1248297574.930   0.93168960 	 1.49235480 	 -0.26260000  
1248297574.936   0.93235910 	 1.49224150 	 -0.26090000  
1248297574.942   0.93303350 	 1.49213700 	 -0.25940000  
1248297574.953   0.93371150 	 1.49202480 	 -0.25790000  
1248297574.971   0.93439070 	 1.49189230 	 -0.25620000  
1248297574.988   0.93570670 	 1.49155910 	 -0.25240000  
1248297575.003   0.93700440 	 1.49113100 	 -0.24840000  
1248297575.022   0.93764970 	 1.49090610 	 -0.24640000  
1248297575.037   0.93895090 	 1.49050270 	 -0.24220000  
1248297575.056   0.94024090 	 1.49018200 	 -0.23840000  
1248297575.081   0.94083600 	 1.49006640 	 -0.23650000  
1248297575.090   0.94238600 	 1.48977260 	 -0.23000000  
1248297575.112   0.94285960 	 1.48961920 	 -0.22730000  
1248297575.121   0.94377450 	 1.48922150 	 -0.22120000  
1248297575.143   0.94425320 	 1.48898880 	 -0.21810000  
1248297575.154   0.94532220 	 1.48852160 	 -0.21210000  
1248297575.176   0.94589350 	 1.48831810 	 -0.20940000  
1248297575.187   0.94709070 	 1.48801280 	 -0.20450000  
1248297575.204   0.94834470 	 1.48780210 	 -0.19960000  
1248297575.221   0.94895860 	 1.48768330 	 -0.19710000  
1248297575.238   0.95012790 	 1.48735180 	 -0.19240000  
1248297575.254   0.95120300 	 1.48694320 	 -0.18780000  
1248297575.286   0.95230330 	 1.48655170 	 -0.18300000  
1248297575.293   0.95355400 	 1.48627030 	 -0.17820000  
1248297575.316   0.95491780 	 1.48613170 	 -0.17400000  
1248297575.335   0.95561440 	 1.48608840 	 -0.17180000  
1248297575.344   0.95699260 	 1.48598880 	 -0.16750000  
1248297575.365   0.95767550 	 1.48590250 	 -0.16550000  
1248297575.373   0.95907890 	 1.48564740 	 -0.16130000  
1248297575.397   0.95978390 	 1.48550630 	 -0.15920000  
1248297575.408   0.96190210 	 1.48510010 	 -0.15320000  
1248297575.425   0.96259700 	 1.48496990 	 -0.15140000  
1248297575.440   0.96387570 	 1.48472920 	 -0.14750000  
1248297575.462   0.96500390 	 1.48446030 	 -0.14280000  
1248297575.488   0.96604890 	 1.48411870 	 -0.13730000  
1248297575.504   0.96707220 	 1.48381200 	 -0.13140000  
1248297575.527   0.96808810 	 1.48367200 	 -0.12550000  
1248297575.555   0.96914250 	 1.48361810 	 -0.12030000  
1248297575.565   0.97026690 	 1.48356610 	 -0.11560000  
1248297575.584   0.97087570 	 1.48353320 	 -0.11330000  
1248297575.613   0.97301270 	 1.48326290 	 -0.10690000  
1248297575.619   0.97380110 	 1.48313270 	 -0.10510000  
1248297575.627   0.97459420 	 1.48300180 	 -0.10360000  
1248297575.647   0.97618410 	 1.48276890 	 -0.10120000  
1248297575.674   0.97839430 	 1.48257140 	 -0.09650000  
1248297575.688   0.97965830 	 1.48249040 	 -0.09200000  
1248297575.722   0.98084170 	 1.48242230 	 -0.08660000  
1248297575.739   0.98212880 	 1.48230610 	 -0.08090000  
1248297575.755   0.98348870 	 1.48217810 	 -0.07610000  
1248297575.776   0.98474470 	 1.48207100 	 -0.07180000  
1248297575.804   0.98584750 	 1.48190950 	 -0.06750000  
1248297575.815   0.98687600 	 1.48171120 	 -0.06300000  
1248297575.839   0.98799350 	 1.48154050 	 -0.05750000  
1248297575.850   0.98931400 	 1.48142570 	 -0.05150000  
1248297575.881   0.99083000 	 1.48141080 	 -0.04620000  
1248297575.893   0.99234000 	 1.48152760 	 -0.04120000  
1248297575.920   0.99387430 	 1.48167060 	 -0.03680000  
1248297575.939   0.99537530 	 1.48179390 	 -0.03320000  
1248297575.952   0.99670690 	 1.48190990 	 -0.03000000  
1248297575.984   0.99801360 	 1.48190230 	 -0.02660000  
1248297575.992   0.99941820 	 1.48176670 	 -0.02340000  
1248297576.012   1.00085620 	 1.48163600 	 -0.02080000  
1248297576.037   1.00221220 	 1.48157950 	 -0.01800000  
1248297576.052   1.00346850 	 1.48154610 	 -0.01460000  
1248297576.073   1.00448980 	 1.48159770 	 -0.01100000  
1248297576.096   1.00547090 	 1.48171770 	 -0.00730000  
1248297576.111   1.00652940 	 1.48186370 	 -0.00340000  
1248297576.134   1.00760040 	 1.48201690 	 0.00090000  
1248297576.160   1.00873520 	 1.48212800 	 0.00580000  
1248297576.174   1.00996980 	 1.48216310 	 0.01140000  
1248297576.195   1.01124890 	 1.48208070 	 0.01740000  
1248297576.209   1.01256110 	 1.48190220 	 0.02310000  
1248297576.239   1.01385570 	 1.48170970 	 0.02870000  
1248297576.256   1.01504580 	 1.48153680 	 0.03460000  
1248297576.283   1.01609610 	 1.48140880 	 0.04030000  
1248297576.317   1.01712310 	 1.48134650 	 0.04600000  
1248297576.350   1.02025030 	 1.48121550 	 0.05920000  
1248297576.362   1.02169970 	 1.48109640 	 0.06440000  
1248297576.385   1.02308640 	 1.48099630 	 0.06980000  
1248297576.399   1.02431070 	 1.48097900 	 0.07510000  
1248297576.424   1.02554200 	 1.48102990 	 0.08090000  
1248297576.446   1.02682980 	 1.48113830 	 0.08700000  
1248297576.460   1.02816670 	 1.48132070 	 0.09280000  
1248297576.479   1.02949970 	 1.48150470 	 0.09740000  
1248297576.508   1.03072510 	 1.48170670 	 0.10120000  
1248297576.535   1.03177030 	 1.48192390 	 0.10490000  
1248297576.548   1.03270550 	 1.48210670 	 0.10930000  
1248297576.571   1.03362860 	 1.48226400 	 0.11480000  
1248297576.584   1.03452200 	 1.48239760 	 0.12080000  
1248297576.605   1.03537450 	 1.48251540 	 0.12700000  
1248297576.626   1.03623460 	 1.48269240 	 0.13320000  
1248297576.643   1.03711910 	 1.48290090 	 0.13930000  
1248297576.664   1.03812220 	 1.48310980 	 0.14560000  
1248297576.681   1.03927710 	 1.48324650 	 0.15200000  
1248297576.708   1.04055600 	 1.48333460 	 0.15790000  
1248297576.725   1.04192870 	 1.48343760 	 0.16270000  
1248297576.743   1.04328800 	 1.48360760 	 0.16650000  
1248297576.763   1.04453800 	 1.48382020 	 0.16980000  
1248297576.788   1.04571970 	 1.48404700 	 0.17400000  
1248297576.802   1.04694410 	 1.48428700 	 0.17930000  
1248297576.823   1.04823340 	 1.48452480 	 0.18460000  
1248297576.846   1.04955100 	 1.48473910 	 0.18930000  
1248297576.861   1.05080330 	 1.48496670 	 0.19330000  
1248297576.893   1.05202050 	 1.48526360 	 0.19790000  
1248297576.907   1.05322190 	 1.48558010 	 0.20430000  
1248297576.927   1.05439860 	 1.48585010 	 0.21200000  
1248297576.942   1.05558670 	 1.48602830 	 0.22020000  
1248297576.961   1.05676310 	 1.48616940 	 0.22770000  
1248297576.992   1.05788470 	 1.48634610 	 0.23420000  
1248297577.019   1.05901830 	 1.48657560 	 0.24030000  
1248297577.038   1.06113200 	 1.48706860 	 0.25420000  
1248297577.066   1.06211620 	 1.48723950 	 0.26150000  
1248297577.096   1.06313230 	 1.48742400 	 0.26790000  
1248297577.104   1.06417580 	 1.48768540 	 0.27410000  
1248297577.123   1.06522460 	 1.48791380 	 0.28170000  
1248297577.146   1.06628600 	 1.48808410 	 0.29040000  
1248297577.162   1.06737310 	 1.48825650 	 0.29920000  
1248297577.181   1.06850150 	 1.48844090 	 0.30650000  
1248297577.210   1.06965240 	 1.48866750 	 0.31250000  
1248297577.225   1.07088900 	 1.48899100 	 0.31810000  
1248297577.246   1.07219740 	 1.48935500 	 0.32430000  
1248297577.272   1.07349180 	 1.48971970 	 0.33170000  
1248297577.284   1.07473660 	 1.49005930 	 0.33990000  
1248297577.308   1.07595170 	 1.49038580 	 0.34830000  
1248297577.331   1.07711360 	 1.49067220 	 0.35620000  
1248297577.346   1.07815510 	 1.49094190 	 0.36360000  
1248297577.370   1.07914050 	 1.49118000 	 0.37060000  
1248297577.390   1.08014240 	 1.49140670 	 0.37750000  
1248297577.408   1.08118980 	 1.49171530 	 0.38420000  
1248297577.428   1.08233270 	 1.49216280 	 0.39040000  
1248297577.440   1.08356850 	 1.49273470 	 0.39610000  
1248297577.457   1.08419550 	 1.49304450 	 0.39900000  
1248297577.465   1.08481310 	 1.49335460 	 0.40190000  
1248297577.485   1.08541750 	 1.49365840 	 0.40480000  
1248297577.495   1.08655420 	 1.49423290 	 0.41090000  
1248297577.519   1.08709030 	 1.49449150 	 0.41390000  
1248297577.527   1.08759990 	 1.49473080 	 0.41690000  
1248297577.530   1.08807590 	 1.49495670 	 0.41990000  
1248297577.535   1.08853340 	 1.49517530 	 0.42280000  
1248297577.550   1.08899200 	 1.49539660 	 0.42590000  
1248297577.559   1.08995870 	 1.49584850 	 0.43270000  
1248297577.582   1.09047160 	 1.49607620 	 0.43650000  
1248297577.615   1.09214660 	 1.49673350 	 0.44900000  
1248297577.639   1.09419460 	 1.49739130 	 0.46460000  
1248297577.670   1.09496910 	 1.49762650 	 0.47150000  
1248297577.685   1.09571490 	 1.49788750 	 0.47910000  
1248297577.707   1.09654700 	 1.49820780 	 0.48730000  
1248297577.718   1.09700560 	 1.49839390 	 0.49150000  
1248297577.738   1.09799550 	 1.49881550 	 0.49970000  
1248297577.768   1.09967890 	 1.49959080 	 0.51070000  
1248297577.782   1.10079460 	 1.50015150 	 0.51730000  
1248297577.802   1.10132930 	 1.50043370 	 0.52070000  
1248297577.831   1.10279710 	 1.50125040 	 0.53240000  
1248297577.844   1.10374700 	 1.50180760 	 0.54090000  
1248297577.878   1.10467420 	 1.50241150 	 0.54900000  
1248297577.908   1.10643040 	 1.50359100 	 0.56440000  
1248297577.924   1.10742650 	 1.50404470 	 0.57280000  
1248297577.943   1.10793150 	 1.50423330 	 0.57710000  
1248297577.958   1.10895650 	 1.50462650 	 0.58520000  
1248297577.976   1.10992940 	 1.50506120 	 0.59280000  
1248297578.003   1.11035640 	 1.50532830 	 0.59640000  
1248297578.034   1.11156540 	 1.50638630 	 0.60680000  
1248297578.065   1.11342620 	 1.50793350 	 0.62100000  
1248297578.096   1.11520610 	 1.50934250 	 0.63530000  
1248297578.108   1.11596930 	 1.51009660 	 0.64200000  
1248297578.131   1.11671840 	 1.51088300 	 0.64890000  
1248297578.159   1.11759050 	 1.51157880 	 0.65630000  
1248297578.175   1.11852930 	 1.51223770 	 0.66420000  
1248297578.196   1.11945940 	 1.51288290 	 0.67220000  
1248297578.223   1.12038570 	 1.51344980 	 0.67990000  
1248297578.234   1.12124620 	 1.51401080 	 0.68750000  
1248297578.260   1.12211570 	 1.51456350 	 0.69520000  
1248297578.272   1.12301180 	 1.51504660 	 0.70290000  
1248297578.296   1.12381770 	 1.51544690 	 0.71070000  
1248297578.323   1.12451400 	 1.51576820 	 0.71830000  
1248297578.333   1.12517800 	 1.51606170 	 0.72650000  
1248297578.355   1.12587500 	 1.51638690 	 0.73580000  
1248297578.377   1.12663040 	 1.51678380 	 0.74630000  
1248297578.392   1.12749450 	 1.51724920 	 0.75760000  
1248297578.415   1.12844840 	 1.51778100 	 0.76870000  
1248297578.429   1.12933050 	 1.51837580 	 0.77870000  
1248297578.471   1.13013710 	 1.51903070 	 0.78760000  
1248297578.489   1.13148290 	 1.52030390 	 0.80230000  
1248297578.511   1.13202470 	 1.52093830 	 0.80920000  
1248297578.538   1.13261870 	 1.52159960 	 0.81580000  
1248297578.553   1.13330870 	 1.52235430 	 0.82250000  
1248297578.574   1.13413470 	 1.52322120 	 0.82980000  
1248297578.596   1.13504830 	 1.52409570 	 0.83810000  
1248297578.613   1.13588670 	 1.52496980 	 0.84720000  
1248297578.633   1.13648770 	 1.52581220 	 0.85540000  
1248297578.659   1.13689990 	 1.52665120 	 0.86250000  
1248297578.676   1.13734400 	 1.52760740 	 0.86900000  
1248297578.695   1.13764860 	 1.52813320 	 0.87230000  
1248297578.709   1.13851920 	 1.52920710 	 0.87910000  
1248297578.730   1.13971660 	 1.53021010 	 0.88650000  
1248297578.754   1.14098360 	 1.53106010 	 0.89400000  
1248297578.762   1.14204530 	 1.53175160 	 0.90080000  
1248297578.784   1.14245760 	 1.53206150 	 0.90410000  
1248297578.794   1.14308880 	 1.53267570 	 0.91110000  
1248297578.819   1.14364330 	 1.53333670 	 0.91850000  
1248297578.831   1.14429120 	 1.53411730 	 0.92650000  
1248297578.845   1.14464800 	 1.53455310 	 0.93050000  
1248297578.860   1.14503260 	 1.53502160 	 0.93440000  
