# UTIAS Multi-Robot Cooperative Localization and Mapping Dataset
# produced by Keith Leung (keith.leung@robotics.utias.utoronto.ca) 2009
# Odometry Data Fomat:
# Time [s] forward velocity [m/s] angular velocity[rad/s] 
1248297556.158 0.000 0.000
1248297556.169 0.000 0.000
1248297556.180 0.000 0.000
1248297556.190 0.075 0.240
1248297556.211 0.075 0.240
1248297556.232 0.075 0.241
1248297556.252 0.075 0.241
1248297556.293 0.075 0.241
1248297556.313 0.075 0.241
1248297556.344 0.075 0.241
1248297556.354 0.075 0.241
1248297556.385 0.075 0.241
1248297556.395 0.075 0.241
1248297556.436 0.075 0.241
1248297556.457 0.075 0.241
1248297556.487 0.075 0.240
1248297556.498 0.075 0.240
1248297556.549 0.074 0.238
1248297556.559 0.074 0.238
1248297556.580 0.074 0.235
1248297556.590 0.074 0.233
1248297556.631 0.074 0.232
1248297556.662 0.074 0.230
1248297556.692 0.074 0.229
1248297556.703 0.074 0.229
1248297556.744 0.074 0.227
1248297556.794 0.074 0.224
1248297556.805 0.074 0.222
1248297556.846 0.074 0.219
1248297556.876 0.074 0.219
1248297556.897 0.074 0.217
1248297556.907 0.074 0.217
1248297556.958 0.074 0.216
1248297556.989 0.073 0.214
1248297557.009 0.073 0.211
1248297557.040 0.073 0.211
1248297557.071 0.073 0.207
1248297557.081 0.073 0.207
1248297557.132 0.067 0.000
1248297557.152 0.067 0.000
1248297557.193 0.067 0.000
1248297557.224 0.067 0.000
1248297557.255 0.067 0.000
1248297557.275 0.067 0.000
1248297557.316 0.067 0.000
1248297557.336 0.067 0.000
1248297557.377 0.067 0.000
1248297557.408 0.067 0.000
1248297557.428 0.067 0.000
1248297557.438 0.067 0.000
1248297557.499 0.067 0.000
1248297557.550 0.067 0.000
1248297557.560 0.067 0.000
1248297557.591 0.067 0.000
1248297557.621 0.067 0.000
1248297557.652 0.067 0.000
1248297557.672 0.067 0.000
1248297557.712 0.067 0.000
1248297557.763 0.067 0.000
1248297557.794 0.067 0.000
1248297557.824 0.067 0.000
1248297557.844 0.067 0.000
1248297557.875 0.067 0.000
1248297557.895 0.067 0.000
1248297557.936 0.067 0.000
1248297557.956 0.067 0.000
1248297557.997 0.067 0.000
1248297558.007 0.000 0.000
1248297558.017 0.000 0.000
1248297558.027 0.000 0.000
1248297558.037 0.000 0.000
1248297558.048 0.067 0.000
1248297558.078 0.067 0.000
1248297558.118 0.067 0.000
1248297558.129 0.067 0.000
1248297558.169 0.067 0.000
1248297558.190 0.067 0.000
1248297558.220 0.067 0.000
1248297558.250 0.067 0.000
1248297558.271 0.067 0.000
1248297558.291 0.067 0.000
1248297558.331 0.067 0.000
1248297558.392 0.067 0.000
1248297558.402 0.067 0.000
1248297558.443 0.067 0.000
1248297558.513 0.067 0.000
1248297558.523 0.067 0.000
1248297558.554 0.067 0.000
1248297558.594 0.067 0.000
1248297558.615 0.067 0.000
1248297558.645 0.067 0.000
1248297558.675 0.067 0.000
1248297558.696 0.067 0.000
1248297558.726 0.067 0.000
1248297558.756 0.067 0.000
1248297558.787 0.067 0.000
1248297558.797 0.067 0.000
1248297558.858 0.067 0.000
1248297558.908 0.067 0.000
1248297558.929 0.067 0.000
1248297558.979 0.067 0.000
1248297559.010 0.000 0.000
1248297559.020 0.000 0.000
1248297559.030 0.000 0.000
1248297559.040 0.067 0.000
1248297559.091 0.067 0.000
1248297559.131 0.067 0.000
1248297559.151 0.067 0.000
1248297559.161 0.067 0.000
1248297559.202 0.067 0.000
1248297559.212 0.067 0.000
1248297559.273 0.067 0.000
1248297559.293 0.067 0.000
1248297559.324 0.067 0.000
1248297559.354 0.067 0.000
1248297559.394 0.067 0.000
1248297559.445 0.067 0.000
1248297559.455 0.067 0.000
1248297559.496 0.067 0.000
1248297559.557 0.067 0.000
1248297559.607 0.067 0.000
1248297559.678 0.067 0.000
1248297559.729 0.067 0.000
1248297559.739 0.067 0.000
1248297559.789 0.067 0.000
1248297559.850 0.067 0.000
1248297559.870 0.067 0.000
1248297559.901 0.067 0.000
1248297559.921 0.067 0.000
1248297559.962 0.067 0.000
1248297559.982 0.067 0.000
1248297560.002 0.000 0.000
1248297560.012 0.067 0.000
1248297560.033 0.067 0.000
1248297560.063 0.067 0.000
1248297560.073 0.067 0.000
1248297560.114 0.067 0.000
1248297560.144 0.067 0.000
1248297560.175 0.067 0.000
1248297560.195 0.067 0.000
1248297560.225 0.067 0.000
1248297560.266 0.067 0.000
1248297560.296 0.067 0.000
1248297560.316 0.067 0.000
1248297560.347 0.067 0.000
1248297560.367 0.067 0.000
1248297560.417 0.067 0.000
1248297560.428 0.067 0.000
1248297560.478 0.067 0.000
1248297560.499 0.067 0.000
1248297560.539 0.067 0.000
1248297560.549 0.067 0.000
1248297560.590 0.067 0.000
1248297560.620 0.067 0.000
1248297560.660 0.067 0.000
1248297560.671 0.067 0.000
1248297560.711 0.067 0.000
1248297560.731 0.067 0.000
1248297560.772 0.067 0.000
1248297560.782 0.067 0.000
1248297560.833 0.067 0.000
1248297560.853 0.067 0.000
1248297560.903 0.067 0.000
1248297560.924 0.067 0.000
1248297560.944 0.067 0.000
1248297560.954 0.067 0.000
1248297560.995 0.067 0.000
1248297561.005 0.000 0.000
1248297561.015 0.000 0.000
1248297561.025 0.067 0.000
1248297561.076 0.067 0.000
1248297561.106 0.067 0.000
1248297561.126 0.067 0.000
1248297561.167 0.067 0.000
1248297561.187 0.067 0.000
1248297561.217 0.067 0.000
1248297561.228 0.067 0.000
1248297561.278 0.067 0.000
1248297561.299 0.067 0.000
1248297561.339 0.067 0.000
1248297561.349 0.067 0.000
1248297561.400 0.067 0.000
1248297561.420 0.067 0.000
1248297561.451 0.067 0.000
1248297561.471 0.067 0.000
1248297561.522 0.067 0.000
1248297561.542 0.067 0.000
1248297561.583 0.067 0.000
1248297561.633 0.067 0.000
1248297561.644 0.067 0.000
1248297561.694 0.067 0.000
1248297561.745 0.067 0.000
1248297561.765 0.067 0.000
1248297561.816 0.067 0.000
1248297561.826 0.067 0.000
1248297561.866 0.067 0.000
1248297561.877 0.067 0.000
1248297561.927 0.067 0.000
1248297561.937 0.067 0.000
1248297561.988 0.067 0.000
1248297562.008 0.067 0.000
1248297562.039 0.067 0.000
1248297562.069 0.067 0.000
1248297562.110 0.067 0.000
1248297562.140 0.067 0.000
1248297562.160 0.067 0.000
1248297562.191 0.067 0.000
1248297562.231 0.067 0.000
1248297562.241 0.067 0.000
1248297562.282 0.067 0.000
1248297562.302 0.067 0.000
1248297562.343 0.067 0.000
1248297562.353 0.067 0.000
1248297562.416 0.067 0.000
1248297562.426 0.067 0.000
1248297562.457 0.067 0.000
1248297562.498 0.067 0.000
1248297562.519 0.067 0.000
1248297562.539 0.067 0.000
1248297562.590 0.067 0.000
1248297562.600 0.067 0.000
1248297562.641 0.067 0.000
1248297562.661 0.067 0.000
1248297562.712 0.067 0.000
1248297562.722 0.067 0.000
1248297562.763 0.067 0.000
1248297562.783 0.067 0.000
1248297562.824 0.067 0.000
1248297562.834 0.067 0.000
1248297562.874 0.067 0.000
1248297562.925 0.067 0.000
1248297562.946 0.067 0.000
1248297562.986 0.067 0.000
1248297563.006 0.067 0.000
1248297563.037 0.067 0.000
1248297563.057 0.067 0.000
1248297563.088 0.067 0.000
1248297563.109 0.067 0.000
1248297563.159 0.067 0.000
1248297563.180 0.067 0.000
1248297563.220 0.067 0.000
1248297563.241 0.067 0.000
1248297563.271 0.067 0.000
1248297563.291 0.067 0.000
1248297563.342 0.067 0.000
1248297563.352 0.067 0.000
1248297563.393 0.067 0.000
1248297563.423 0.067 0.000
1248297563.464 0.067 0.000
1248297563.474 0.067 0.000
1248297563.505 0.086 0.408
1248297563.535 0.086 0.408
1248297563.565 0.086 0.408
1248297563.586 0.086 0.408
1248297563.616 0.086 0.408
1248297563.637 0.086 0.408
1248297563.677 0.086 0.408
1248297563.698 0.086 0.408
1248297563.719 0.086 0.408
1248297563.739 0.086 0.408
1248297563.790 0.086 0.408
1248297563.800 0.086 0.408
1248297563.851 0.086 0.408
1248297563.901 0.086 0.408
1248297563.911 0.086 0.408
1248297563.962 0.086 0.408
1248297563.972 0.086 0.408
1248297564.003 0.000 0.000
1248297564.013 0.000 0.000
1248297564.023 0.086 0.408
1248297564.044 0.086 0.408
1248297564.085 0.086 0.408
1248297564.105 0.086 0.408
1248297564.156 0.086 0.408
1248297564.166 0.086 0.408
1248297564.206 0.086 0.408
1248297564.267 0.086 0.408
1248297564.308 0.086 0.408
1248297564.339 0.086 0.408
1248297564.369 0.086 0.408
1248297564.390 0.086 0.408
1248297564.420 0.086 0.408
1248297564.441 0.086 0.408
1248297564.461 0.086 0.408
1248297564.491 0.086 0.408
1248297564.522 0.086 0.408
1248297564.532 0.086 0.408
1248297564.593 0.086 0.408
1248297564.644 0.086 0.408
1248297564.654 0.086 0.408
1248297564.684 0.086 0.408
1248297564.705 0.086 0.408
1248297564.735 0.086 0.408
1248297564.756 0.086 0.408
1248297564.796 0.086 0.408
1248297564.806 0.086 0.408
1248297564.837 0.086 0.408
1248297564.857 0.086 0.408
1248297564.888 0.086 0.408
1248297564.898 0.086 0.408
1248297564.939 0.086 0.408
1248297564.949 0.086 0.408
1248297564.989 0.086 0.408
1248297565.000 0.086 0.408
1248297565.010 0.000 0.000
1248297565.025 0.000 0.000
1248297565.035 0.000 0.000
1248297565.045 0.086 0.408
1248297565.055 0.086 0.408
1248297565.086 0.086 0.408
1248297565.136 0.086 0.408
1248297565.147 0.086 0.408
1248297565.177 0.086 0.408
1248297565.188 0.086 0.408
1248297565.239 0.086 0.408
1248297565.259 0.086 0.408
1248297565.279 0.086 0.408
1248297565.310 0.086 0.408
1248297565.331 0.086 0.408
1248297565.351 0.086 0.408
1248297565.381 0.086 0.408
1248297565.402 0.086 0.408
1248297565.452 0.086 0.408
1248297565.483 0.086 0.408
1248297565.493 0.086 0.408
1248297565.544 0.086 0.408
1248297565.554 0.086 0.408
1248297565.564 0.086 0.408
1248297565.605 0.086 0.408
1248297565.615 0.086 0.408
1248297565.646 0.086 0.408
1248297565.676 0.086 0.408
1248297565.696 0.086 0.408
1248297565.707 0.086 0.408
1248297565.747 0.086 0.408
1248297565.798 0.086 0.408
1248297565.808 0.086 0.408
1248297565.910 0.086 0.408
1248297566.011 0.000 0.000
1248297566.022 0.086 0.408
1248297566.032 0.086 0.408
1248297566.073 0.086 0.408
1248297566.083 0.086 0.408
1248297566.124 0.086 0.408
1248297566.174 0.086 0.408
1248297566.185 0.086 0.408
1248297566.225 0.086 0.408
1248297566.276 0.086 0.408
1248297566.296 0.086 0.408
1248297566.317 0.086 0.408
1248297566.367 0.086 0.408
1248297566.388 0.086 0.408
1248297566.408 0.086 0.408
1248297566.428 0.086 0.408
1248297566.469 0.086 0.408
1248297566.479 0.086 0.408
1248297566.520 0.086 0.408
1248297566.530 0.086 0.408
1248297566.571 0.086 0.408
1248297566.581 0.086 0.408
1248297566.622 0.086 0.408
1248297566.632 0.086 0.408
1248297566.663 0.086 0.408
1248297566.673 0.086 0.408
1248297566.713 0.086 0.408
1248297566.724 0.086 0.408
1248297566.774 0.086 0.408
1248297566.815 0.086 0.408
1248297566.835 0.086 0.408
1248297566.856 0.086 0.408
1248297566.876 0.086 0.408
1248297566.917 0.086 0.408
1248297566.937 0.086 0.408
1248297566.968 0.086 0.408
1248297567.009 0.086 0.408
1248297567.019 0.086 0.408
1248297567.069 0.086 0.408
1248297567.110 0.086 0.408
1248297567.120 0.086 0.408
1248297567.151 0.086 0.408
1248297567.161 0.086 0.408
1248297567.212 0.086 0.408
1248297567.222 0.086 0.408
1248297567.263 0.086 0.408
1248297567.313 0.086 0.408
1248297567.324 0.086 0.408
1248297567.354 0.086 0.408
1248297567.395 0.086 0.408
1248297567.415 0.086 0.408
1248297567.455 0.086 0.408
1248297567.466 0.086 0.408
1248297567.496 0.086 0.408
1248297567.516 0.086 0.408
1248297567.547 0.086 0.408
1248297567.567 0.086 0.408
1248297567.598 0.086 0.408
1248297567.619 0.086 0.408
1248297567.649 0.086 0.408
1248297567.670 0.086 0.407
1248297567.700 0.085 0.402
1248297567.751 0.084 0.396
1248297567.761 0.084 0.395
1248297567.792 0.083 0.388
1248297567.812 0.083 0.386
1248297567.842 0.082 0.376
1248297567.863 0.082 0.373
1248297567.903 0.081 0.363
1248297567.914 0.081 0.360
1248297567.944 0.080 0.348
1248297567.965 0.080 0.344
1248297568.005 0.079 0.328
1248297568.046 0.078 0.315
1248297568.066 0.078 0.312
1248297568.097 0.077 0.299
1248297568.107 0.077 0.297
1248297568.147 0.076 0.282
1248297568.158 0.076 0.278
1248297568.198 0.075 0.256
1248297568.209 0.075 0.252
1248297568.249 0.074 0.237
1248297568.260 0.074 0.232
1248297568.290 0.074 0.219
1248297568.300 0.074 0.216
1248297568.341 0.073 0.207
1248297568.351 0.073 0.205
1248297568.382 0.073 0.222
1248297568.392 0.073 0.215
1248297568.443 0.072 0.186
1248297568.483 0.071 0.172
1248297568.494 0.071 0.167
1248297568.534 0.071 0.148
1248297568.555 0.071 0.146
1248297568.595 0.071 0.141
1248297568.636 0.070 0.134
1248297568.646 0.070 0.130
1248297568.687 0.070 0.122
1248297568.697 0.070 0.122
1248297568.738 0.070 0.122
1248297568.748 0.070 0.122
1248297568.778 0.070 0.104
1248297568.788 0.070 0.099
1248297568.819 0.069 0.083
1248297568.839 0.069 0.083
1248297568.880 0.069 0.076
1248297568.900 0.069 0.071
1248297568.931 0.068 0.060
1248297568.941 0.068 0.057
1248297568.971 0.068 0.057
1248297568.982 0.068 0.057
1248297569.012 0.000 0.000
1248297569.022 0.068 0.046
1248297569.033 0.068 0.041
1248297569.083 0.067 0.023
1248297569.144 0.067 0.025
1248297569.175 0.067 0.025
1248297569.195 0.067 0.023
1248297569.226 0.067 0.014
1248297569.266 0.067 0.014
1248297569.286 0.067 0.011
1248297569.327 0.067 0.007
1248297569.368 0.067 0.005
1248297569.378 0.067 0.005
1248297569.418 0.067 0.014
1248297569.429 0.067 0.016
1248297569.469 0.067 0.025
1248297569.479 0.067 0.025
1248297569.530 0.067 0.016
1248297569.540 0.067 0.014
1248297569.571 0.067 0.007
1248297569.581 0.067 0.007
1248297569.622 0.067 0.007
1248297569.632 0.067 0.007
1248297569.683 0.067 0.002
1248297569.714 0.067 0.005
1248297569.734 0.067 0.005
1248297569.775 0.067 0.007
1248297569.785 0.067 0.007
1248297569.805 0.067 0.007
1248297569.846 0.067 0.009
1248297569.856 0.067 0.011
1248297569.866 0.067 0.011
1248297569.907 0.067 0.011
1248297569.958 0.067 0.011
1248297569.998 0.067 0.016
1248297570.008 0.067 0.016
1248297570.039 0.067 0.014
1248297570.049 0.067 0.014
1248297570.090 0.067 0.007
1248297570.100 0.067 0.005
1248297570.131 0.067 0.000
1248297570.171 0.067 -0.005
1248297570.181 0.067 -0.007
1248297570.222 0.067 -0.005
1248297570.252 0.067 -0.002
1248297570.283 0.067 0.011
1248297570.314 0.067 0.021
1248297570.324 0.067 0.021
1248297570.375 0.067 0.021
1248297570.395 0.067 0.021
1248297570.435 0.067 0.014
1248297570.456 0.067 0.007
1248297570.486 0.086 0.408
1248297570.497 0.086 0.408
1248297570.507 0.086 0.408
1248297570.527 0.086 0.408
1248297570.537 0.086 0.408
1248297570.548 0.086 0.408
1248297570.558 0.086 0.408
1248297570.568 0.086 0.408
1248297570.589 0.086 0.408
1248297570.609 0.086 0.408
1248297570.619 0.086 0.408
1248297570.650 0.086 0.408
1248297570.660 0.086 0.408
1248297570.670 0.086 0.408
1248297570.681 0.086 0.408
1248297570.691 0.086 0.408
1248297570.701 0.086 0.408
1248297570.711 0.086 0.408
1248297570.722 0.086 0.408
1248297570.742 0.086 0.408
1248297570.752 0.086 0.408
1248297570.783 0.086 0.408
1248297570.793 0.086 0.408
1248297570.804 0.086 0.408
1248297570.814 0.086 0.408
1248297570.824 0.086 0.408
1248297570.835 0.086 0.408
1248297570.845 0.086 0.408
1248297570.855 0.086 0.408
1248297570.865 0.086 0.408
1248297570.896 0.086 0.408
1248297570.916 0.086 0.408
1248297570.926 0.086 0.408
1248297570.937 0.086 0.408
1248297570.947 0.086 0.408
1248297570.957 0.086 0.408
1248297570.968 0.086 0.408
1248297570.978 0.086 0.408
1248297570.988 0.086 0.408
1248297570.998 0.086 0.408
1248297571.009 0.086 0.408
1248297571.019 0.086 0.408
1248297571.039 0.086 0.408
1248297571.050 0.086 0.408
1248297571.060 0.086 0.408
1248297571.070 0.086 0.408
1248297571.091 0.086 0.408
1248297571.101 0.086 0.408
1248297571.111 0.086 0.408
1248297571.121 0.086 0.408
1248297571.142 0.086 0.408
1248297571.162 0.086 0.408
1248297571.172 0.086 0.408
1248297571.183 0.086 0.408
1248297571.204 0.086 0.408
1248297571.214 0.086 0.408
1248297571.224 0.086 0.408
1248297571.234 0.086 0.408
1248297571.245 0.086 0.408
1248297571.255 0.086 0.408
1248297571.265 0.086 0.408
1248297571.275 0.086 0.408
1248297571.286 0.086 0.408
1248297571.296 0.086 0.408
1248297571.306 0.086 0.408
1248297571.316 0.086 0.407
1248297571.337 0.085 0.405
1248297571.347 0.085 0.404
1248297571.357 0.085 0.401
1248297571.368 0.085 0.400
1248297571.388 0.084 0.398
1248297571.398 0.084 0.397
1248297571.418 0.084 0.394
1248297571.429 0.084 0.393
1248297571.439 0.084 0.392
1248297571.449 0.083 0.390
1248297571.459 0.083 0.388
1248297571.480 0.083 0.387
1248297571.490 0.083 0.383
1248297571.510 0.083 0.381
1248297571.521 0.082 0.377
1248297571.541 0.082 0.375
1248297571.552 0.082 0.373
1248297571.562 0.082 0.369
1248297571.572 0.081 0.367
1248297571.593 0.081 0.363
1248297571.614 0.081 0.359
1248297571.624 0.081 0.357
1248297571.644 0.080 0.353
1248297571.665 0.080 0.352
1248297571.675 0.080 0.348
1248297571.685 0.080 0.346
1248297571.716 0.080 0.345
1248297571.726 0.080 0.344
1248297571.736 0.080 0.342
1248297571.746 0.080 0.341
1248297571.757 0.079 0.338
1248297571.767 0.079 0.336
1248297571.777 0.079 0.334
1248297571.788 0.079 0.333
1248297571.798 0.079 0.331
1248297571.808 0.079 0.329
1248297571.818 0.079 0.328
1248297571.829 0.079 0.325
1248297571.839 0.078 0.323
1248297571.849 0.078 0.321
1248297571.859 0.078 0.320
1248297571.870 0.078 0.317
1248297571.880 0.078 0.316
1248297571.890 0.078 0.315
1248297571.900 0.078 0.312
1248297571.921 0.078 0.309
1248297571.931 0.078 0.308
1248297571.941 0.078 0.307
1248297571.951 0.077 0.304
1248297571.962 0.077 0.303
1248297571.982 0.077 0.302
1248297571.993 0.077 0.299
1248297572.003 0.077 0.299
1248297572.014 0.077 0.298
1248297572.024 0.077 0.297
1248297572.034 0.077 0.295
1248297572.044 0.077 0.294
1248297572.055 0.077 0.294
1248297572.065 0.077 0.293
1248297572.075 0.077 0.291
1248297572.085 0.077 0.290
1248297572.106 0.077 0.290
1248297572.116 0.077 0.290
1248297572.136 0.077 0.289
1248297572.147 0.077 0.287
1248297572.157 0.077 0.286
1248297572.167 0.077 0.286
1248297572.177 0.077 0.285
1248297572.188 0.076 0.283
1248297572.198 0.076 0.283
1248297572.208 0.076 0.282
1248297572.218 0.076 0.282
1248297572.229 0.076 0.282
1248297572.239 0.076 0.281
1248297572.249 0.076 0.281
1248297572.259 0.076 0.278
1248297572.270 0.076 0.278
1248297572.280 0.076 0.277
1248297572.290 0.076 0.275
1248297572.300 0.076 0.274
1248297572.311 0.076 0.272
1248297572.321 0.076 0.271
1248297572.331 0.076 0.271
1248297572.341 0.076 0.270
1248297572.362 0.076 0.268
1248297572.382 0.076 0.267
1248297572.394 0.076 0.264
1248297572.415 0.075 0.262
1248297572.425 0.075 0.261
1248297572.435 0.075 0.261
1248297572.445 0.075 0.259
1248297572.456 0.075 0.258
1248297572.476 0.075 0.256
1248297572.487 0.075 0.256
1248297572.497 0.075 0.255
1248297572.507 0.075 0.253
1248297572.517 0.075 0.253
1248297572.528 0.075 0.253
1248297572.538 0.075 0.252
1248297572.558 0.075 0.252
1248297572.568 0.075 0.252
1248297572.579 0.075 0.250
1248297572.599 0.075 0.250
1248297572.609 0.075 0.250
1248297572.620 0.075 0.249
1248297572.630 0.075 0.249
1248297572.640 0.075 0.249
1248297572.650 0.075 0.247
1248297572.671 0.075 0.246
1248297572.681 0.075 0.246
1248297572.701 0.075 0.244
1248297572.712 0.075 0.243
1248297572.732 0.075 0.243
1248297572.743 0.075 0.241
1248297572.753 0.075 0.240
1248297572.763 0.075 0.240
1248297572.773 0.074 0.238
1248297572.784 0.074 0.238
1248297572.794 0.074 0.237
1248297572.804 0.074 0.237
1248297572.814 0.074 0.235
1248297572.825 0.074 0.235
1248297572.835 0.074 0.235
1248297572.855 0.074 0.233
1248297572.865 0.074 0.233
1248297572.876 0.074 0.233
1248297572.886 0.074 0.233
1248297572.896 0.074 0.232
1248297572.906 0.074 0.232
1248297572.917 0.074 0.230
1248297572.937 0.074 0.230
1248297572.947 0.074 0.229
1248297572.968 0.074 0.229
1248297572.978 0.074 0.229
1248297572.988 0.074 0.227
1248297573.009 0.074 0.227
1248297573.019 0.074 0.225
1248297573.029 0.074 0.224
1248297573.039 0.074 0.224
1248297573.060 0.074 0.224
1248297573.070 0.074 0.222
1248297573.080 0.074 0.222
1248297573.090 0.074 0.220
1248297573.101 0.074 0.220
1248297573.111 0.074 0.220
1248297573.121 0.074 0.219
1248297573.131 0.074 0.219
1248297573.152 0.074 0.217
1248297573.162 0.074 0.217
1248297573.182 0.074 0.217
1248297573.194 0.074 0.216
1248297573.214 0.074 0.216
1248297573.225 0.074 0.216
1248297573.235 0.073 0.214
1248297573.245 0.073 0.214
1248297573.255 0.073 0.214
1248297573.266 0.073 0.212
1248297573.276 0.073 0.212
1248297573.286 0.073 0.212
1248297573.296 0.073 0.212
1248297573.307 0.073 0.211
1248297573.317 0.073 0.211
1248297573.327 0.073 0.211
1248297573.337 0.073 0.211
1248297573.348 0.073 0.209
1248297573.358 0.073 0.209
1248297573.368 0.073 0.209
1248297573.378 0.073 0.207
1248297573.389 0.073 0.207
1248297573.399 0.073 0.207
1248297573.409 0.073 0.205
1248297573.419 0.073 0.205
1248297573.430 0.073 0.205
1248297573.440 0.067 0.000
1248297573.450 0.067 0.000
1248297573.461 0.067 0.000
1248297573.471 0.067 0.000
1248297573.481 0.067 0.000
1248297573.491 0.067 0.000
1248297573.512 0.067 0.000
1248297573.522 0.067 0.000
1248297573.532 0.067 0.000
1248297573.543 0.067 0.000
1248297573.563 0.067 0.000
1248297573.573 0.067 0.000
1248297573.583 0.067 0.000
1248297573.594 0.067 0.000
1248297573.604 0.067 0.000
1248297573.614 0.067 0.000
1248297573.624 0.067 0.000
1248297573.635 0.067 0.000
1248297573.655 0.067 0.000
1248297573.665 0.067 0.000
1248297573.686 0.067 0.000
1248297573.696 0.067 0.000
1248297573.716 0.067 0.000
1248297573.726 0.067 0.000
1248297573.747 0.067 0.000
1248297573.757 0.067 0.000
1248297573.767 0.067 0.000
1248297573.778 0.067 0.000
1248297573.788 0.067 0.000
1248297573.808 0.067 0.000
1248297573.818 0.067 0.000
1248297573.829 0.067 0.000
1248297573.849 0.067 0.000
1248297573.859 0.067 0.000
1248297573.869 0.067 0.000
1248297573.890 0.067 0.000
1248297573.900 0.067 0.000
1248297573.920 0.067 0.000
1248297573.931 0.067 0.000
1248297573.951 0.067 0.000
1248297573.961 0.067 0.000
1248297573.971 0.067 0.000
1248297573.992 0.067 0.000
1248297574.002 0.000 0.000
1248297574.012 0.067 0.000
1248297574.023 0.067 0.000
1248297574.033 0.067 0.000
1248297574.043 0.067 0.000
1248297574.063 0.067 0.000
1248297574.074 0.067 0.000
1248297574.084 0.067 0.000
1248297574.104 0.067 0.000
1248297574.114 0.067 0.000
1248297574.125 0.067 0.000
1248297574.135 0.067 0.000
1248297574.145 0.067 0.000
1248297574.155 0.067 0.000
1248297574.166 0.067 0.000
1248297574.176 0.067 0.000
1248297574.186 0.067 0.000
1248297574.196 0.067 0.000
1248297574.207 0.067 0.000
1248297574.217 0.074 0.217
1248297574.227 0.074 0.217
1248297574.237 0.074 0.217
1248297574.258 0.074 0.217
1248297574.268 0.074 0.217
1248297574.278 0.074 0.217
1248297574.289 0.074 0.217
1248297574.299 0.074 0.217
1248297574.309 0.074 0.217
1248297574.329 0.074 0.217
1248297574.350 0.074 0.217
1248297574.370 0.074 0.219
1248297574.390 0.074 0.219
1248297574.401 0.074 0.220
1248297574.411 0.074 0.220
1248297574.421 0.074 0.220
1248297574.431 0.074 0.220
1248297574.442 0.074 0.220
1248297574.452 0.074 0.222
1248297574.462 0.074 0.222
1248297574.472 0.074 0.222
1248297574.483 0.074 0.222
1248297574.494 0.074 0.222
1248297574.514 0.074 0.222
1248297574.524 0.074 0.222
1248297574.534 0.074 0.222
1248297574.545 0.074 0.224
1248297574.555 0.074 0.224
1248297574.565 0.074 0.224
1248297574.575 0.074 0.224
1248297574.586 0.074 0.224
1248297574.606 0.074 0.224
1248297574.616 0.074 0.225
1248297574.637 0.074 0.225
1248297574.647 0.074 0.225
1248297574.657 0.074 0.227
1248297574.667 0.074 0.227
1248297574.678 0.074 0.229
1248297574.688 0.074 0.229
1248297574.698 0.074 0.229
1248297574.708 0.074 0.229
1248297574.729 0.074 0.229
1248297574.739 0.074 0.229
1248297574.749 0.074 0.230
1248297574.759 0.074 0.230
1248297574.780 0.074 0.230
1248297574.800 0.074 0.230
1248297574.810 0.074 0.230
1248297574.821 0.074 0.230
1248297574.831 0.074 0.232
1248297574.841 0.074 0.232
1248297574.851 0.074 0.232
1248297574.872 0.074 0.233
1248297574.882 0.074 0.233
1248297574.902 0.074 0.233
1248297574.913 0.074 0.233
1248297574.933 0.074 0.235
1248297574.943 0.074 0.235
1248297574.953 0.074 0.235
1248297574.964 0.074 0.235
1248297574.974 0.074 0.235
1248297574.984 0.074 0.237
1248297574.994 0.074 0.237
1248297575.005 0.074 0.237
1248297575.015 0.074 0.237
1248297575.025 0.074 0.237
1248297575.035 0.074 0.238
1248297575.045 0.074 0.238
1248297575.066 0.074 0.238
1248297575.086 0.074 0.238
1248297575.096 0.074 0.238
1248297575.107 0.075 0.240
1248297575.117 0.075 0.240
1248297575.127 0.075 0.241
1248297575.148 0.075 0.241
1248297575.158 0.075 0.243
1248297575.178 0.075 0.243
1248297575.189 0.075 0.243
1248297575.199 0.075 0.243
1248297575.209 0.075 0.244
1248297575.229 0.075 0.244
1248297575.240 0.075 0.244
1248297575.250 0.075 0.246
1248297575.260 0.075 0.246
1248297575.291 0.075 0.247
1248297575.301 0.075 0.247
1248297575.321 0.075 0.249
1248297575.342 0.075 0.249
1248297575.352 0.075 0.249
1248297575.372 0.075 0.250
1248297575.382 0.075 0.250
1248297575.404 0.075 0.250
1248297575.414 0.075 0.250
1248297575.424 0.075 0.252
1248297575.455 0.075 0.252
1248297575.475 0.075 0.253
1248297575.495 0.075 0.255
1248297575.516 0.075 0.255
1248297575.546 0.075 0.256
1248297575.567 0.075 0.258
1248297575.577 0.075 0.258
1248297575.587 0.075 0.258
1248297575.598 0.075 0.258
1248297575.608 0.075 0.258
1248297575.618 0.075 0.259
1248297575.628 0.075 0.259
1248297575.649 0.075 0.259
1248297575.669 0.075 0.261
1248297575.679 0.075 0.261
1248297575.700 0.075 0.262
1248297575.730 0.075 0.262
1248297575.740 0.076 0.264
1248297575.761 0.076 0.265
1248297575.781 0.076 0.265
1248297575.812 0.076 0.267
1248297575.822 0.076 0.267
1248297575.852 0.076 0.268
1248297575.863 0.076 0.270
1248297575.883 0.076 0.271
1248297575.904 0.076 0.272
1248297575.934 0.076 0.272
1248297575.944 0.076 0.274
1248297575.965 0.076 0.274
1248297575.985 0.076 0.275
1248297576.006 0.076 0.275
1248297576.026 0.076 0.277
1248297576.046 0.076 0.277
1248297576.067 0.076 0.278
1248297576.087 0.076 0.278
1248297576.108 0.076 0.279
1248297576.118 0.076 0.281
1248297576.169 0.076 0.282
1248297576.189 0.076 0.283
1248297576.210 0.077 0.285
1248297576.220 0.077 0.286
1248297576.240 0.077 0.287
1248297576.261 0.077 0.289
1248297576.291 0.077 0.291
1248297576.322 0.077 0.291
1248297576.332 0.077 0.294
1248297576.363 0.077 0.294
1248297576.373 0.077 0.295
1248297576.394 0.077 0.297
1248297576.414 0.077 0.298
1248297576.434 0.077 0.299
1248297576.455 0.077 0.300
1248297576.465 0.077 0.302
1248297576.485 0.077 0.303
1248297576.516 0.077 0.303
1248297576.536 0.077 0.304
1248297576.557 0.078 0.305
1248297576.577 0.078 0.307
1248297576.587 0.078 0.309
1248297576.618 0.078 0.310
1248297576.638 0.078 0.312
1248297576.659 0.078 0.313
1248297576.679 0.078 0.315
1248297576.700 0.078 0.316
1248297576.710 0.078 0.319
1248297576.730 0.078 0.319
1248297576.761 0.078 0.320
1248297576.781 0.078 0.320
1248297576.802 0.078 0.321
1248297576.812 0.078 0.322
1248297576.842 0.078 0.323
1248297576.853 0.079 0.324
1248297576.873 0.079 0.324
1248297576.904 0.079 0.325
1248297576.934 0.079 0.330
1248297576.965 0.079 0.332
1248297576.985 0.079 0.333
1248297577.006 0.000 0.000
1248297577.016 0.000 0.000
1248297577.026 0.079 0.337
1248297577.047 0.079 0.339
1248297577.057 0.080 0.341
1248297577.077 0.080 0.343
1248297577.098 0.080 0.344
1248297577.108 0.080 0.346
1248297577.138 0.080 0.348
1248297577.159 0.080 0.351
1248297577.169 0.080 0.353
1248297577.189 0.080 0.355
1248297577.220 0.081 0.357
1248297577.230 0.081 0.358
1248297577.261 0.081 0.359
1248297577.281 0.081 0.362
1248297577.301 0.081 0.364
1248297577.312 0.081 0.366
1248297577.332 0.082 0.369
1248297577.353 0.082 0.371
1248297577.383 0.082 0.373
1248297577.404 0.082 0.375
1248297577.414 0.082 0.376
1248297577.424 0.082 0.377
1248297577.434 0.082 0.378
1248297577.445 0.082 0.380
1248297577.465 0.083 0.381
1248297577.475 0.083 0.381
1248297577.496 0.083 0.383
1248297577.506 0.083 0.383
1248297577.526 0.083 0.385
1248297577.537 0.083 0.387
1248297577.547 0.083 0.387
1248297577.557 0.083 0.389
1248297577.567 0.083 0.390
1248297577.588 0.084 0.391
1248297577.598 0.084 0.392
1248297577.618 0.084 0.395
1248297577.629 0.084 0.397
1248297577.649 0.085 0.399
1248297577.680 0.085 0.401
1248297577.690 0.085 0.403
1248297577.720 0.086 0.406
1248297577.731 0.086 0.407
1248297577.741 0.086 0.408
1248297577.751 0.086 0.408
1248297577.771 0.086 0.408
1248297577.782 0.086 0.408
1248297577.792 0.086 0.408
1248297577.812 0.086 0.408
1248297577.843 0.086 0.408
1248297577.853 0.086 0.408
1248297577.884 0.086 0.408
1248297577.904 0.086 0.408
1248297577.914 0.086 0.408
1248297577.935 0.086 0.408
1248297577.955 0.086 0.408
1248297577.965 0.086 0.408
1248297577.976 0.086 0.408
1248297577.986 0.086 0.408
1248297578.006 0.086 0.408
1248297578.017 0.086 0.408
1248297578.037 0.086 0.408
1248297578.047 0.086 0.408
1248297578.068 0.086 0.408
1248297578.088 0.086 0.408
1248297578.109 0.086 0.408
1248297578.119 0.086 0.408
1248297578.139 0.086 0.408
1248297578.170 0.086 0.408
1248297578.180 0.086 0.408
1248297578.210 0.086 0.408
1248297578.241 0.086 0.408
1248297578.251 0.086 0.408
1248297578.272 0.086 0.408
1248297578.282 0.086 0.408
1248297578.302 0.086 0.408
1248297578.333 0.086 0.408
1248297578.343 0.086 0.408
1248297578.363 0.086 0.408
1248297578.384 0.086 0.408
1248297578.404 0.086 0.408
1248297578.425 0.086 0.408
1248297578.445 0.086 0.408
1248297578.476 0.086 0.408
1248297578.486 0.086 0.408
1248297578.496 0.086 0.408
1248297578.527 0.086 0.408
1248297578.547 0.086 0.408
1248297578.557 0.086 0.408
1248297578.578 0.086 0.408
1248297578.608 0.086 0.408
1248297578.628 0.086 0.408
1248297578.639 0.086 0.408
1248297578.669 0.086 0.408
1248297578.679 0.086 0.408
1248297578.700 0.086 0.408
1248297578.710 0.086 0.408
1248297578.720 0.086 0.408
1248297578.731 0.086 0.408
1248297578.741 0.086 0.408
1248297578.761 0.086 0.408
1248297578.771 0.086 0.408
1248297578.792 0.086 0.408
1248297578.802 0.086 0.408
1248297578.833 0.086 0.408
1248297578.853 0.086 -0.398
